chrom	chromStart	chromEnd	name	score	strand	thickStart	thickEnd	itemRgb	blockCount	blockSizes	blockStarts	transcript_id	region_length	translated_frame_score	translated_max_score	translated_phylop	translated_window_max	untranslated_frame_score	untranslated_max_score	untranslated_phylop	untranslated_window_max	translated_length	untranslated_length	intron_start	intron_end	frame	translated_coords	intron_coords
1	1013576	1013732	ENST00000649529_1	156	+	1013576	1013732	0	1	156	0	ENST00000649529	156	-23.455134556843685	-23.455134556843685	-0.363019227838287	-6.309600090980529	-28.36178875254445	-27.295876519138595	-0.3288087628214097	-13.722899901866914	156	251	1013576	1013983	3	1:1013576-1013732	1:1013576-1013983
1	22563731	22563824	ENST00000166244_1	93	+	22563731	22563824	0	1	93	0	ENST00000166244	93	-7.554032232492201	-5.568085888380645	1.9287956936625383	2.7125000685453413	-25.09885768750352	-24.472444080825102	0.16262385566705076	1.928300206363201	93	5466	22563729	22569288	3	1:22563731-22563824	1:22563729-22569288
1	22711045	22711291	ENST00000374630_1	246	+	22711045	22711291	0	1	246	0	ENST00000374630	246	-1.5193249821662902	-0.8604499482860167	4.368772352432332	5.329099977016449	-22.111761787666076	-21.871133069646806	0.12076723132438559	7.795000076293945	246	70131	22711043	22781420	2	1:22711045-22711291	1:22711043-22781420
1	28553137	28553209	ENST00000373830_1	72	+	28553137	28553209	0	1	72	0	ENST00000373830	72	-18.281375130017597	-11.907652836913863	0.9756805500300187	-4.098399996757507	-26.80253491935342	-23.63519076315123	-0.26849999954696574	-9.306599673628806	72	430	28553137	28553639	2	1:28553137-28553209	1:28553137-28553639
1	28737147	28737423	ENST00000373812_1	276	+	28737147	28737423	0	1	276	0	ENST00000373812	276	-9.94836268693741	-8.350424956107315	2.530648549872727	6.76300000846386	-15.604743517553194	-10.671906082230246	1.0606538446771347	-1.1171998977661133	276	234	28737147	28737657	1	1:28737147-28737423	1:28737147-28737657
1	32014379	32014604	ENST00000327300_1	225	+	32014379	32014604	0	1	225	0	ENST00000327300	225	-17.99840010444323	-17.99840010444323	0.6567111123436027	-0.9991000533103943	-17.093697774554798	-16.949217136055243	-0.01985711517859924	10.62600040435791	225	15695	32014377	32030297	3	1:32014379-32014604	1:32014377-32030297
1	32073053	32073263	ENST00000336294_1	210	+	32073053	32073263	0	1	210	0	ENST00000336294	210	-16.029999977988854	-11.215923844331078	1.9592666709174713	-4.078699964284897	-24.51345997102988	-22.973468941781956	0.4641332098970646	2.442000061273575	210	1689	32073051	32074950	3	1:32073053-32073263	1:32073051-32074950
1	32222444	32222489	ENST00000677711_1	45	+	32222444	32222489	0	1	45	0	ENST00000677711	45	-22.902799781163534	-22.902799781163534	0.5943777682880561	-14.152799725532532	-16.414874985814095	-16.414874985814095	1.220750008544807	-8.252600073814392	45	48	32222444	32222537	3	1:32222444-32222489	1:32222444-32222537
1	32292220	32292436	ENST00000373548_1	216	+	32292220	32292436	0	1	216	0	ENST00000373548	216	-16.333305730587906	-15.592060137264154	0.5157037019940887	-7.899400448799133	-14.108166492855414	-13.703895554661829	-0.27171953411136807	8.35200023651123	216	10186	32292218	32302620	2	1:32292220-32292436	1:32292218-32302620
1	35558223	35558376	ENST00000373243_1	153	+	35558223	35558376	0	1	153	0	ENST00000373243	153	-12.724568644575044	-10.30712416466155	3.292588241775733	-6.5105999410152435	-12.609339686569898	-12.609339686569898	2.8093301311352175	3.467599856853485	153	730	35558223	35559106	1	1:35558223-35558376	1:35558223-35559106
1	36089117	36089246	ENST00000373178_1	129	+	36089117	36089246	0	1	129	0	ENST00000373178	129	-9.910116319739542	-9.910116319739542	-0.2975271321443278	-2.4494999170303347	-12.64349463007467	-12.64349463007467	-0.22633854622069716	1.4150999680161476	129	1999	36089115	36091243	3	1:36089117-36089246	1:36089115-36091243
1	42658512	42658620	ENST00000304979_1	108	+	42658512	42658620	0	1	108	0	ENST00000304979	108	-18.3179721981287	-18.3179721981287	0.7054351887372495	-13.580100059509277	-32.31040364864696	-26.039919331569575	-0.010165914440018046	-17.359400117397307	108	223	42658512	42658843	1	1:42658512-42658620	1:42658512-42658843
1	45340306	45340375	ENST00000372090_1	69	+	45340306	45340375	0	1	69	0	ENST00000372090	69	-25.177043396493662	-25.177043396493662	0.6074057915990335	-17.24219970703125	-28.51538349818092	-25.88396255611094	0.3674978530953754	-8.738299858570098	69	699	45340304	45341072	2	1:45340306-45340375	1:45340304-45341072
1	46303820	46303982	ENST00000311672_1	162	+	46303820	46303982	0	1	162	0	ENST00000311672	162	-28.282111071050167	-27.33147515190972	0.13764197540391857	-17.246099883317946	-16.659826523441026	-16.31347823053974	0.03535076130011033	5.828500032424927	162	5118	46303820	46309100	3	1:46303820-46303982	1:46303820-46309100
1	50970497	50970548	ENST00000371761_1	51	+	50970497	50970548	0	1	51	0	ENST00000371761	51	-10.381764748517204	-3.379411792784345	5.16292158762614	-7.092700004577637	-24.737866648074583	-24.737866648074583	2.0722488045350786	-4.762600076198578	51	3344	50970497	50973892	3	1:50970497-50970548	1:50970497-50973892
1	54200591	54200675	ENST00000360840_1	84	+	54200591	54200675	0	1	84	0	ENST00000360840	84	-26.183714562228747	-16.02461906912781	0.63963095027776	-16.94670016169548	-17.892876672320888	-17.892876672320888	0.10763637422997918	28.967899894714357	84	9274	54200589	54209947	3	1:54200591-54200675	1:54200589-54209947
1	70411583	70411625	ENST00000370938_1	42	+	70411583	70411625	0	1	42	0	ENST00000370938	42	-16.87621416683708	-14.889071595101129	1.650285693395528	-14.670599846541881	-21.839904912898078	-20.93032162713063	-0.05667684204314364	1.4079999923706055	42	4330	70411583	70415955	3	1:70411583-70411625	1:70411583-70415955
1	75724817	75724898	ENST00000370841_1	81	+	75724817	75724898	0	1	81	0	ENST00000370841	81	-25.997740705808003	-17.31472831817321	0.056777773378991786	-16.003500175476074	-23.711281987845766	-23.26628111601964	0.007508453819771918	3.9240000247955322	81	3502	75724817	75728400	3	1:75724817-75724898	1:75724817-75728400
1	75786274	75786529	ENST00000319942_1	255	+	75786274	75786529	0	1	255	0	ENST00000319942	255	-30.290882385828915	-30.290882385828915	-0.6010470643237817	-17.71390030384064	-22.485217026002864	-22.140789414026795	0.1878197069233179	-2.923500058054924	255	967	75786274	75787496	2	1:75786274-75786529	1:75786274-75787496
1	85581047	85581137	ENST00000451137_1	90	+	85581047	85581137	0	1	90	0	ENST00000451137	90	-32.21369991488755	-22.35269969701767	0.42714444605323176	-22.6155001219362	-22.36221087853843	-22.36221087853843	0.2393982334977296	-9.341142790658134	90	227	85581047	85581364	3	1:85581047-85581137	1:85581047-85581364
1	92832117	92832189	ENST00000370321_1	72	+	92832117	92832189	0	1	72	0	ENST00000370321	72	-26.891166284680367	-26.891166284680367	0.2464861153275706	-21.24059988260269	-27.737212014714785	-25.2026027125952	-0.1180914437685251	1.6752999663352965	72	1199	92832117	92833388	1	1:92832117-92832189	1:92832117-92833388
1	100133315	100133489	ENST00000370141_1	174	+	100133315	100133489	0	1	174	0	ENST00000370141	174	-15.467017098747451	-15.467017098747451	0.774017246365119	-4.473099994659424	-21.0447208373197	-20.803923696500586	0.04934508566026882	7.593999862670898	174	3392	100133315	100136881	3	1:100133315-100133489	1:100133315-100136881
1	103526262	103526331	ENST00000423855_1	69	+	103526262	103526331	0	1	69	0	ENST00000423855	69	-27.69934785625209	-19.62943474646064	0.12539131322578675	-21.048400390148164	-29.738584025218394	-28.65524191679844	-0.2049889383491769	-13.270900106430053	69	1363	103526262	103527694	1	1:103526262-103526331	1:103526262-103527694
1	108692867	108692882	ENST00000370025_1	15	+	108692867	108692882	0	1	15	0	ENST00000370025	15	-11.757800102233887	-2.437533410390218	3.6719999582894767		-23.027291541716753	-22.30018590862561	1.5271223874339115	5.025500012934208	15	2819	108692867	108695701	3	1:108692867-108692882	1:108692867-108695701
1	110034817	110035102	ENST00000369795_1	285	+	110034817	110035102	0	1	285	0	ENST00000369795	285	-21.251957956740732	-17.841543928154728	0.5991017567451324	-5.102599966526031	-19.838658491887102	-19.82051664346843	0.09005594149219874	8.321000099182129	285	2788	110034817	110037890	2	1:110034817-110035102	1:110034817-110037890
1	151008671	151008692	ENST00000271620_1	21	+	151008671	151008692	0	1	21	0	ENST00000271620	21	-18.195142677852086	-18.195142677852086	2.4541904989275194		-17.69559404158646	-17.69559404158646	-0.08559879270303324	9.557999610900879	21	9119	151008671	151017811	3	1:151008671-151008692	1:151008671-151017811
1	151166203	151166332	ENST00000368905_1	129	+	151166203	151166332	0	1	129	0	ENST00000368905	129	-26.544930185689484	-17.444434056217357	0.45099999758599024	-8.40870011150837	-28.505521774291992	-28.415079625620358	-0.2397246390523767	-15.651299858093262	129	138	151166203	151166470	2	1:151166203-151166332	1:151166203-151166470
1	153990802	153990913	ENST00000651669_1	111	+	153990802	153990913	0	1	111	0	ENST00000651669	111	-16.740459330984063	-16.740459330984063	0.4183243222027044	-11.189799976348876					111	0	153990802	153990913	2	1:153990802-153990913	1:153990802-153990913
1	154974805	154974829	ENST00000308987_1	24	+	154974805	154974829	0	1	24	0	ENST00000308987	24	-6.437124887481332	-6.437124887481332	3.2529166381185255		-19.749349629460617	-19.749349629460617	0.031988224504310415	6.834000110626221	24	3158	154974804	154977986	2	1:154974805-154974829	1:154974804-154977986
1	154984066	154984117	ENST00000292180_1	51	+	154984066	154984117	0	1	51	0	ENST00000292180	51	-17.08864725337309	-17.08864725337309	1.1831176440121935	-17.27260003089905	-15.08423228304422	-15.08423228304422	-0.15485012574855622	1.356499969959259	51	3987	154984066	154988104	2	1:154984066-154984117	1:154984066-154988104
1	156729215	156729266	ENST00000368216_1	51	+	156729215	156729266	0	1	51	0	ENST00000368216	51	-20.085470886791455	-20.085470886791455	2.231372557361336	-11.74920015335083	-18.520233483520467	-17.33808591591031	-0.3899424262464941	-2.147900053858757	51	2724	156729215	156731990	3	1:156729215-156729266	1:156729215-156731990
1	161258983	161259226	ENST00000504449_1	243	+	161258983	161259226	0	1	243	0	ENST00000504449	243	-17.593950572757073	-17.593950572757073	0.39281893064365664	-3.1120999097824096	-18.172527489072078	-17.717028127447808	0.0050760552458154915	7.146999835968018	243	24441	161258983	161283667	2	1:161258983-161259226	1:161258983-161283667
1	203861713	203861740	ENST00000414487_1	27	+	203861713	203861740	0	1	27	0	ENST00000414487	27	-24.340777582592434	-13.434444515793412	2.0338888560180313		-22.401199959857124	-21.204672626176706	-0.15669670139239836	-2.1198998361825945	27	455	203861713	203862195	2	1:203861713-203861740	1:203861713-203862195
1	212859190	212859277	ENST00000366971_1	87	+	212859190	212859277	0	1	87	0	ENST00000366971	87	-31.418137906954207	-22.260241453675018	0.32618391940948266	-26.080199870467187	-16.00479057757256	-15.839648416611814	-0.21492543090363891	2.9203333655993142	87	4447	212859190	212863724	2	1:212859190-212859277	1:212859190-212863724
1	219173983	219174124	ENST00000366928_1	141	+	219173983	219174124	0	1	141	0	ENST00000366928	141	-29.751829720558003	-24.609425535861483	-0.33419148837288853	-15.307700085639954	-25.924966291295608	-24.871885600157807	-0.054465065201911314	-5.540300369262695	141	5024	219173981	219179146	2	1:219173983-219174124	1:219173981-219179146
1	224114396	224114591	ENST00000366862_1	195	+	224114396	224114591	0	1	195	0	ENST00000366862	195	-22.557261599714938	-11.702471877061404	0.35149743396203775	-10.22920036315918	-19.497879727662966	-19.092281053504653	-0.031345835740937564	10.777000427246094	195	15880	224114396	224130471	3	1:224114396-224114591	1:224114396-224130471
1	224356993	224357041	ENST00000465271_1	48	+	224356993	224357041	0	1	48	0	ENST00000465271	48	-12.646812453866005	-12.646812453866005	1.6326666772850633	-9.177399979531765	-20.251326078282432	-18.872864825195393	-0.12925855514552426	3.2939999103546143	48	3453	224356993	224360494	2	1:224356993-224357041	1:224356993-224360494
1	225778012	225778120	ENST00000304786_1	108	+	225778012	225778120	0	1	108	0	ENST00000304786	108	-28.81766684808665	-11.952814856061229	-0.22730555313777318	-20.384699784219265	-17.686010893958013	-17.536521471965468	-0.21192359116887427	4.230999946594238	108	5179	225778012	225783299	2	1:225778012-225778120	1:225778012-225783299
1	229271372	229271561	ENST00000366690_1	189	+	229271372	229271561	0	1	189	0	ENST00000366690	189	-15.196841175594027	-12.230439109028016	-0.4786772466561555	-4.542099916934967	-17.42880056671338	-17.174480855194997	-0.2905431789662171	4.067000071207683	189	14926	229271370	229286485	3	1:229271372-229271561	1:229271370-229286485
1	240093726	240093939	ENST00000319653_1	213	+	240093726	240093939	0	1	213	0	ENST00000319653	213	-22.70884510748823	-21.254423880009423	-0.21221127164738138	-12.477400106191634	-19.75309175161038	-19.75309175161038	-0.14836227717788147	11.22599983215332	213	29241	240093724	240123178	1	1:240093726-240093939	1:240093724-240123178
1	243256242	243256290	ENST00000366541_1	48	+	243256242	243256290	0	1	48	0	ENST00000366541	48	-15.094375021755695	-11.960125083724657	1.7822916761506349	-12.638699960708617	-23.91670716316895	-23.35985305518634	0.1094756287747133	10.185999870300293	48	13816	243256240	243270104	1	1:243256242-243256290	1:243256240-243270104
1	244653355	244653493	ENST00000302550_1	138	+	244653355	244653493	0	1	138	0	ENST00000302550	138	-12.127086881710136	-5.508956417441368	0.9279781131406933	-0.2815999448299408	-18.566846334102884	-18.46979986290221	-0.048701723320444076	10.378999710083008	138	33103	244653355	244686596	2	1:244653355-244653493	1:244653355-244686596
1	1324350	1324578	ENST00000435064_1	228	-	1324350	1324578	0	1	228	0	ENST00000435064	228	-11.173560007711252	-9.375155545108848	-0.8624956105843905	-4.267299941182136	-8.11486830597486	-8.11486830597486	-0.6446507026799932	1.5997998476028443	228	1065	1323287	1324580	1	1:1324350-1324578	1:1323287-1324580
1	6235479	6235716	ENST00000343813_1	237	-	6235479	6235716	0	1	237	0	ENST00000343813	237	-12.667101214203653	-12.667101214203653	0.05224050736626539	-3.070800256729126	-19.971677247516	-19.971677247516	-0.1286594069733441	-2.7713997840881346	237	505	6234974	6235716	1	1:6235479-6235716	1:6234974-6235716
1	19209888	19210071	ENST00000375254_1	183	-	19209888	19210071	0	1	183	0	ENST00000375254	183	-23.782786713271843	-22.41476107761264	0.69787979075848	1.9966000080108643	-21.33967262272825	-20.623278716184842	0.10721469515125139	10.47599983215332	183	8074	19201815	19210072	1	1:19209888-19210071	1:19201815-19210072
1	23825184	23825355	ENST00000374490_1	171	-	23825184	23825355	0	1	171	0	ENST00000374490	171	-19.781877308168955	-19.781877308168955	0.39507017775550374	-7.306999897956848	-20.308218497311742	-20.308218497311742	-0.22565739697867898	1.7675000131130219	171	4591	23820593	23825355	1	1:23825184-23825355	1:23820593-23825355
1	25232359	25232443	ENST00000236273_1	84	-	25232359	25232443	0	1	84	0	ENST00000236273	84	-38.48723796080975	-28.50407133783613	-0.28930952882261146	-27.702200365066528	-21.77118922447836	-21.77118922447836	-0.23641216518307054	-11.634999996423721	84	148	25232211	25232443	2	1:25232359-25232443	1:25232211-25232443
1	31296484	31296610	ENST00000263694_1	126	-	31296484	31296610	0	1	126	0	ENST00000263694	126	-25.97271440296419	-24.793698282705414	0.4751825399266275	-16.20150030851364	-19.501331768968637	-19.381387470188976	-0.2574883557757727	5.76200008392334	126	3136	31293348	31296610	2	1:31296484-31296610	1:31293348-31296610
1	32817148	32817187	ENST00000373477_1	39	-	32817148	32817187	0	1	39	0	ENST00000373477	39	-28.51946138112973	-19.908948494837833	1.3397948670272644	-30.08036669095357	-16.3838802937245	-16.3838802937245	-0.00594898997309734	5.807499885559082	39	6091	32811057	32817187	2	1:32817148-32817187	1:32811057-32817187
1	36149318	36149336	ENST00000373166_1	18	-	36149318	36149336	0	1	18	0	ENST00000373166	18	-25.78811110390557	-10.818111154768202	3.219333371768395		-17.645185929959066	-17.037636411063865	-0.08781223621191704	6.894000053405762	18	9152	36140166	36149336	3	1:36149318-36149336	1:36140166-36149336
1	43389665	43389758	ENST00000372457_1	93	-	43389665	43389758	0	1	93	0	ENST00000372457	93	-41.348065087872165	-25.620161371846354	-0.2889892508135608	-32.12409963607788	-26.824955487881297	-26.296035640233814	0.29973214031397455	-5.945699906349182	93	1237	43388428	43389758	3	1:43389665-43389758	1:43388428-43389758
1	45205531	45205753	ENST00000359600_1	222	-	45205531	45205753	0	1	222	0	ENST00000359600	222	-13.460450297674617	-13.460450297674617	2.015545038888147	-4.054799866676331	-14.054105140230279	-14.054105140230279	0.2618477076818131	11.64799976348877	222	117296	45088237	45205755	2	1:45205531-45205753	1:45088237-45205755
1	51518913	51519198	ENST00000371733_1	285	-	51518913	51519198	0	1	285	0	ENST00000371733	285	-9.694112426276957	-9.555943786428216	0.6329928291402424	4.216249838471413	-15.359976227310435	-15.319315630291173	0.26417762745156453	11.930999755859375	285	37599	51481314	51519198	1	1:51518913-51519198	1:51481314-51519198
1	53220485	53220569	ENST00000294360_1	84	-	53220485	53220569	0	1	84	0	ENST00000294360	84	-28.944785929861524	-27.013892731496266	-0.38463095327772734	-16.329400181770325	-19.86769768295362	-18.37268171527169	-0.08730469115107553	-4.195800095796585	84	141	53220344	53220569	3	1:53220485-53220569	1:53220344-53220569
1	53838012	53838204	ENST00000371429_1	192	-	53838012	53838204	0	1	192	0	ENST00000371429	192	-26.058718632761156	-26.058718632761156	-0.7304687419139858	-5.644700026512146	-22.545508414493785	-21.49130134635691	0.07862165586976763	2.4800000190734863	192	2392	53835620	53838204	1	1:53838012-53838204	1:53835620-53838204
1	54052906	54052999	ENST00000234831_1	93	-	54052906	54052999	0	1	93	0	ENST00000234831	93	-24.028860284436135	-12.52018291415066	0.9435161243453222	-14.057333676020304	-21.41841050171939	-20.5072998765608	0.38566899039131086	-1.6578000068664551	93	5534	54047372	54052999	2	1:54052906-54052999	1:54047372-54052999
1	67429748	67429985	ENST00000361219_1	237	-	67429748	67429985	0	1	237	0	ENST00000361219	237	-16.21612247378263	-14.310751080827371	0.5789071711856982	7.38639988899231	-24.612210595441315	-24.386555878122344	0.2818326121272753	1.5135998845100402	237	3465	67426285	67429987	3	1:67429748-67429985	1:67426285-67429987
1	70353964	70353976	ENST00000370944_1	12	-	70353964	70353976	0	1	12	0	ENST00000370944	12	-7.262583136558533	-2.0208332339922586	2.1566666541815116		-17.076121547904354	-17.076121547904354	0.11888358669803104	12.218999862670898	12	17867	70336099	70353978	2	1:70353964-70353976	1:70336099-70353978
1	77978830	77978884	ENST00000370768_1	54	-	77978830	77978884	0	1	54	0	ENST00000370768	54	-11.63100004196167	-11.63100004196167	2.071555550727579	-5.142900109291077	-17.742482600288902	-17.742482600288902	0.04509795504526255	5.709000110626221	54	8815	77970015	77978884	2	1:77978830-77978884	1:77970015-77978884
1	85200117	85200249	ENST00000341460_1	132	-	85200117	85200249	0	1	132	0	ENST00000341460	132	-21.559181664477695	-21.559181664477695	0.06200000637380237	-9.853799933195114	-21.550042920286092	-21.550042920286092	0.4887430358790432	3.697999954223633	132	9367	85190752	85200251	1	1:85200117-85200249	1:85190752-85200251
1	93878854	93879076	ENST00000436063_1	222	-	93878854	93879076	0	1	222	0	ENST00000436063	222	-31.541608267807746	-24.90816676455575	-0.7171126068401914	-9.23959994316101	-23.19691077034671	-23.19691077034671	-0.2831540024383352	-3.4100000262260437	222	992	93877862	93879076	2	1:93878854-93879076	1:93877862-93879076
1	93908836	93909037	ENST00000370238_1	201	-	93908836	93909037	0	1	201	0	ENST00000370238	201	-15.304656748006593	-13.946975108773554	-0.06401492315877359	-4.667799917856852	-24.282409465402058	-23.378944467616513	0.31252870039031483	0.2889999917575291	201	4248	93904588	93909037	2	1:93908836-93909037	1:93904588-93909037
1	94541378	94541534	ENST00000334047_1	156	-	94541378	94541534	0	1	156	0	ENST00000334047	156	-29.43162836554723	-21.875230917563805	-0.41873026079893433	-10.242733180522919	-30.552114586760908	-30.046362053900957	-0.03221442474497725	-8.53330000936985	156	1012	94540368	94541536	3	1:94541378-94541534	1:94540368-94541536
1	94926606	94926837	ENST00000370206_1	231	-	94926606	94926837	0	1	231	0	ENST00000370206	231	-19.989636514299587	-16.00761031053025	0.23983116784572472	-4.172300016880035	-22.028965679624022	-21.9385133155095	-0.1754776863916576	2.5029999911785126	231	23082	94903524	94926837	1	1:94926606-94926837	1:94903524-94926837
1	109426102	109426300	ENST00000271308_1	198	-	109426102	109426300	0	1	198	0	ENST00000271308	198	-20.511262558927438	-20.511262558927438	1.2719494993892508	0.939199960231781	-23.023272317022876	-22.81317744935331	0.2758577608640235	4.360499739646912	198	4177	109421926	109426301	2	1:109426102-109426300	1:109421926-109426301
1	120176210	120176306	ENST00000578049_1	96	-	120176210	120176306	0	1	96	0	ENST00000578049	96	-20.88613551412709	-20.88613551412709	0.02749999538840105	-5.265700063854456	-21.69635470922011	-21.6627588675608	0.37661638104402617	4.122999906539917	96	7261	120168949	120176306	3	1:120176210-120176306	1:120168949-120176306
1	151909218	151909359	ENST00000368814_1	141	-	151909218	151909359	0	1	141	0	ENST00000368814	141	-15.04834037892362	-14.716382920742035	-1.3041560264396752	-3.6218000531196592	-18.622807083567164	-17.97697136875389	0.07023573873896448	6.906000137329102	141	14024	151895194	151909359	1	1:151909218-151909359	1:151895194-151909359
1	154220155	154220341	ENST00000368521_1	186	-	154220155	154220341	0	1	186	0	ENST00000368521	186	-22.940903392049574	-18.342344105243683	0.5514011008583091	-8.946400061249733	-16.269604772091014	-16.269604772091014	-0.3530938494639762	19.427399778366087	186	5581	154214574	154220341	2	1:154220155-154220341	1:154214574-154220341
1	155173185	155173218	ENST00000295682_1	33	-	155173185	155173218	0	1	33	0	ENST00000295682	33	-24.100000273097645	-14.588818513985837	0.13872725821354173	-22.821900248527527	-27.319918800208526	-23.398942424710523	0.2181016934356826	-8.625599980354309	33	295	155172892	155173220	1	1:155173185-155173218	1:155172892-155173220
1	156337929	156338151	ENST00000295688_1	222	-	156337929	156338151	0	1	222	0	ENST00000295688	222	-27.151175758323156	-27.151175758323156	0.2850090564603652	-18.555499935150145	-22.771467953724397	-22.59140328199144	-0.22836844663304515	1.9233998775482177	222	2043	156335888	156338153	1	1:156337929-156338151	1:156335888-156338153
1	165698279	165698375	ENST00000354775_1	96	-	165698279	165698375	0	1	96	0	ENST00000354775	96	-15.907801913718382	-13.985166487594446	-0.5526458301465027	-3.4141000330448152	-16.903220088169043	-15.683525142772755	-0.44215269849225725	5.205999970436096	96	2884	165695397	165698377	3	1:165698279-165698375	1:165695397-165698377
1	165768652	165768679	ENST00000367881_1	27	-	165768652	165768679	0	1	27	0	ENST00000367881	27	-27.557740847269695	-16.86770423253377	0.27225926347697776		-30.070080567180337	-25.48141828730896	-0.13273766017428223	-7.870199847221374	27	385	165768269	165768681	2	1:165768652-165768679	1:165768269-165768681
1	169485448	169485562	ENST00000236137_1	114	-	169485448	169485562	0	1	114	0	ENST00000236137	114	-27.053579112939666	-16.20271060811846	-0.8941754364947739	-19.91100013256073	-21.160509323347274	-20.96240377423508	0.008107194271034547	3.7639999389648438	114	7691	169477757	169485562	2	1:169485448-169485562	1:169477757-169485562
1	183635392	183635515	ENST00000359856_1	123	-	183635392	183635515	0	1	123	0	ENST00000359856	123	-14.420114218665843	-12.592658055063925	0.3321057004793509	-1.9987000569701194	-22.078264022512094	-22.078264022512094	0.687656635838224	0.30520001649856565	123	2230	183633163	183635516	2	1:183635392-183635515	1:183633163-183635516
1	193105145	193105262	ENST00000367439_1	117	-	193105145	193105262	0	1	117	0	ENST00000367439	117	-20.536410081080902	-20.536410081080902	-0.38618803228068554	-5.953400135040283	-18.850900254376274	-18.850900254376274	-0.07569286187252214	-0.32100000977516174	117	3942	193101204	193105263	3	1:193105145-193105262	1:193101204-193105263
1	205321148	205321397	ENST00000367157_1	249	-	205321148	205321397	0	1	249	0	ENST00000367157	249	-19.393573298929184	-17.892426680773497	-0.23487550621369788	-2.512900012731552	-23.18632164021748	-22.693895449382428	0.3403006513000203	3.0100000500679016	249	9323	205311825	205321397	3	1:205321148-205321397	1:205311825-205321397
1	205749691	205749955	ENST00000367142_1	264	-	205749691	205749955	0	1	264	0	ENST00000367142	264	-9.335696956142783	-8.0107802604184	1.7028181796971087	0.22490005493164061	-17.119315376842135	-16.861495074127344	0.06430448491321127	9.859333197275797	264	20071	205729621	205749956	2	1:205749691-205749955	1:205729621-205749956
1	212791364	212791529	ENST00000366977_1	165	-	212791364	212791529	0	1	165	0	ENST00000366977	165	-21.007563787247197	-20.82739991491491	-0.5240545461518746	-10.952666682004928	-16.633699546111757	-16.633699546111757	-0.002270697709232175	2.2760000228881836	165	3727	212787637	212791529	3	1:212791364-212791529	1:212787637-212791529
1	220272076	220272220	ENST00000358951_1	144	-	220272076	220272220	0	1	144	0	ENST00000358951	144	-11.634701462798855	-11.634701462798855	-0.3862013861976771	-0.9270001888275147	-16.370478756816752	-16.370478756816752	0.11727451264366782	11.321999549865723	144	39215	220232863	220272222	2	1:220272076-220272220	1:220232863-220272222
1	227734937	227735009	ENST00000620518_1	72	-	227734937	227735009	0	1	72	0	ENST00000620518	72	-12.55237513449457	-12.55237513449457	-0.8171944435000316	-8.884000182151794	-17.779877880482168	-13.113959355567529	-0.09646296091657994	-7.116399854421616	72	123	227734816	227735011	3	1:227734937-227735009	1:227734816-227735011
1	228405937	228406153	ENST00000284551_1	216	-	228405937	228406153	0	1	216	0	ENST00000284551	216	-13.67229180226827	-12.92243055647446	-1.0947499976205615	-6.333099985122681	-12.461758309320768	-12.461758309320768	-0.6081488457888908	2.574714388166155	216	3776	228402161	228406153	2	1:228405937-228406153	1:228402161-228406153
1	230978329	230978557	ENST00000366661_1	228	-	230978329	230978557	0	1	228	0	ENST00000366661	228	-13.091840020443003	-10.857548244003402	0.2319780699153055	-3.723599973320961	-16.264026497603986	-16.264026497603986	-0.2001671454235854	6.443999767303467	228	17028	230961303	230978559	2	1:230978329-230978557	1:230961303-230978559
1	234608264	234608444	ENST00000366609_1	180	-	234608264	234608444	0	1	180	0	ENST00000366609	180	-12.906094394293095	-11.107350073258083	2.2521611113101243	4.541399971644084	-27.997265365799556	-26.39302184080012	0.4520705619664328	-6.872700023651123	180	414	234607852	234608446	3	1:234608264-234608444	1:234607852-234608446
1	235128367	235128592	ENST00000366607_1	225	-	235128367	235128592	0	1	225	0	ENST00000366607	225	-16.657653284188775	-16.035774858953715	-0.44587111295407844	-2.3091000337153673	-17.737051360519953	-16.651084393028036	-0.2180543454798349	5.615250051021576	225	5997	235122372	235128594	2	1:235128367-235128592	1:235122372-235128594
1	244451526	244451634	ENST00000366535_1	108	-	244451526	244451634	0	1	108	0	ENST00000366535	108	-10.72686107415292	-5.530907401884043	0.27134259920394804	-2.3593999311327933	-21.957453776132013	-21.947926975916594	0.1565699601973889	3.927000045776367	108	13758	244437768	244451634	1	1:244451526-244451634	1:244437768-244451634
10	4826363	4826396	ENST00000298375_1	33	+	4826363	4826396	0	1	33	0	ENST00000298375	33	-9.39527276429263	-4.116424271554658	-0.5469091045529102	-10.483200037479401	-13.219344189258685	-12.700251783149808	-0.36217936702129394	3.5850000381469727	33	4278	4826363	4830674	3	10:4826363-4826396	10:4826363-4830674
10	14878921	14879092	ENST00000354919_1	171	+	14878921	14879092	0	1	171	0	ENST00000354919	171	-13.546684055997614	-9.72991238299169	0.60978947466577	-4.636700081825256	-24.33004118969563	-24.33004118969563	0.5591633261606714	3.3936663468678794	171	2409	14878919	14881499	2	10:14878921-14879092	10:14878919-14881499
10	49614477	49614597	ENST00000337653_1	120	+	49614477	49614597	0	1	120	0	ENST00000337653	120	-18.25505028963089	-18.25505028963089	0.2922500038286671	-3.6022003889083862	-31.074532389475852	-30.15717565912987	-0.27790473674393357	-2.275700294971466	120	1906	49614475	49616501	1	10:49614477-49614597	10:49614475-49616501
10	52314677	52314746	ENST00000373970_1	69	+	52314677	52314746	0	1	69	0	ENST00000373970	69	-16.62417384577186	-16.62417384577186	0.4313035658810155	-11.471600091457367	-31.72968769530681	-24.60406266559254	-0.38151705073489045	-14.198999984562397	69	176	52314677	52314922	3	10:52314677-52314746	10:52314677-52314922
10	61663032	61663290	ENST00000648843_1	258	+	61663032	61663290	0	1	258	0	ENST00000648843	258	-18.0208953775812	-18.0208953775812	-0.6368449609203249	0.9557999759912491	-25.267457373756358	-24.44111460185782	0.34041626402038283	5.453000068664551	258	9341	61663032	61672631	1	10:61663032-61663290	10:61663032-61672631
10	67885153	67885426	ENST00000212015_1	273	+	67885153	67885426	0	1	273	0	ENST00000212015	273	-16.733747188534057	-14.255300351278686	0.5151172134250867	-0.9725997745990753	-16.19267018235749	-16.19267018235749	-0.1649672068089508	8.90999984741211	273	1992	67885151	67887416	2	10:67885153-67885426	10:67885151-67887416
10	68989258	68989348	ENST00000361983_1	90	+	68989258	68989348	0	1	90	0	ENST00000361983	90	-10.44899996717771	-10.44899996717771	0.16393333646054897	-0.991599851846695	-8.81237003489328	-8.704247790186944	-0.2719987019405647	4.974999904632568	90	11075	68989258	69000423	2	10:68989258-68989348	10:68989258-69000423
10	73782201	73782297	ENST00000372833_1	96	+	73782201	73782297	0	1	96	0	ENST00000372833	96	-32.13206261396408	-20.23678131525715	0.7131562486077504	-21.124200057983398	-26.919333310038954	-22.00662944631444	1.4420740962442424		96	27	73782199	73782322	1	10:73782201-73782297	10:73782199-73782322
10	73998375	73998552	ENST00000211998_1	177	+	73998375	73998552	0	1	177	0	ENST00000211998	177	-25.514084556597773	-22.75969490897184	0.9061016944259416	-14.123300099372864	-18.434486737022716	-18.228222727007477	0.23502657480276976	11.82699966430664	177	44530	73998375	74043082	1	10:73998375-73998552	10:73998375-74043082
10	78033904	78033979	ENST00000372360_1	75	+	78033904	78033979	0	1	75	0	ENST00000372360	75	-28.449279975891113	-28.449279975891113	-0.03268000565469265	-22.512599420547485	-27.154164248691732	-26.414886456679344	-0.6439999987423478	-5.058300054073333	75	1372	78033904	78035351	2	10:78033904-78033979	10:78033904-78035351
10	87505554	87505809	ENST00000371996_1	255	+	87505554	87505809	0	1	255	0	ENST00000371996	255	-26.110776476299062	-24.129870576250788	-0.7215793666555472	-8.225799751281738	-28.6379797811148	-27.021273604237816	0.246930379001875	-11.842100381851196	255	2528	87505552	87508335	1	10:87505554-87505809	10:87505552-87508335
10	87660008	87660296	ENST00000456849_1	288	+	87660008	87660296	0	1	288	0	ENST00000456849	288	-16.301797915170802	-15.156521251121312	-0.25808680160116637	-0.9064000844955444	-21.136799946417216	-20.848188489484656	-0.009472279468806445	12.961999654769897	288	48899	87660008	87709195	3	10:87660008-87660296	10:87660008-87709195
10	87864550	87864610	ENST00000371953_1	60	+	87864550	87864610	0	1	60	0	ENST00000371953	60	-8.634600049257278	-6.93380002528429	2.8253773483887032	-3.173499882221222	-23.341248135656475	-22.867499621506585	0.44871780044229664	5.4679999351501465	60	29416	87864548	87894024	2	10:87864550-87864610	10:87864548-87894024
10	100347531	100347690	ENST00000370355_1	159	+	100347531	100347690	0	1	159	0	ENST00000370355	159	-22.776000166839022	-20.001396388752656	-1.3391698124926865	-11.853299999237061	-34.362710274895775	-23.632616701538378	-1.0954932984246826	-5.016300016641617	159	373	100347531	100348063	1	10:100347531-100347690	10:100347531-100348063
10	102645187	102645328	ENST00000643721_1	141	+	102645187	102645328	0	1	141	0	ENST00000643721	141	-14.861148834862608	-14.861148834862608	0.6859219747443571	0.2595999866724014	-22.285882550123663	-22.092397276138207	0.6428667659844131	1.2739999413490295	141	9324	102645187	102654652	2	10:102645187-102645328	10:102645187-102654652
10	102920103	102920202	ENST00000369878_1	99	+	102920103	102920202	0	1	99	0	ENST00000369878	99	-15.778999957171353	-11.185111162036357	2.121868672319735	-3.8576000332832336	-23.721041387165766	-23.569621269485147	0.3413022562487235	7.182000160217285	99	7144	102920101	102927344	1	10:102920103-102920202	10:102920101-102927344
10	1048772	1048862	ENST00000381344_1	90	-	1048772	1048862	0	1	90	0	ENST00000381344	90	-10.795471266083334	-10.795471266083334	-1.68616666267626	1.9071112010214064	-11.97713053985562	-11.97713053985562	-0.5072024545846684	0.5859999656677246	90	4602	1044171	1048863	3	10:1048772-1048862	10:1044171-1048863
10	5813012	5813213	ENST00000380191_1	201	-	5813012	5813213	0	1	201	0	ENST00000380191	201	-25.375776064929678	-18.971392956687442	-0.40502984873459336	-13.541100096702575	-17.201101185864047	-16.171871999456094	-0.027200217310833986	13.722999572753906	201	12307	5800705	5813213	3	10:5813012-5813213	10:5800705-5813213
10	14837697	14837829	ENST00000465530_1	132	-	14837697	14837829	0	1	132	0	ENST00000465530	132	-16.75877276491938	-16.75877276491938	1.588962115447044	-4.006600204110145	-15.468058785663755	-14.688788580649662	0.09842324088485185	4.671000003814697	132	9427	14828272	14837831	1	10:14837697-14837829	10:14828272-14837831
10	27240571	27240673	ENST00000396271_1	102	-	27240571	27240673	0	1	102	0	ENST00000396271	102	-16.408529550713652	-16.408529550713652	1.132558823974036	-6.65360012948513	-8.478999853134155	-8.478999853134155	2.0051954085456916	0.027900028228759765	102	87	27240484	27240673	2	10:27240571-27240673	10:27240484-27240673
10	32346552	32346762	ENST00000319778_1	210	-	32346552	32346762	0	1	210	0	ENST00000319778	210	-2.562238080728622	-2.562238080728622	4.383538109241497	3.83476668993632	-19.456244796361762	-19.22939359821456	0.07570347962233992	9.284100149199366	210	40621	32305931	32346762	1	10:32346552-32346762	10:32305931-32346762
10	49941359	49941506	ENST00000616448_1	147	-	49941359	49941506	0	1	147	0	ENST00000616448	147	-19.64991159179584	-19.64991159179584	0.6171360516043215	-11.650433254241943	-22.862251534561064	-22.862251534561064	0.08427253470835913	2.9670000076293945	147	6219	49935142	49941508	3	10:49941359-49941506	10:49935142-49941508
10	73246958	73247009	ENST00000372950_1	51	-	73246958	73247009	0	1	51	0	ENST00000372950	51	-28.077166843449785	-13.353333468415908	-0.7445098139646956	-8.49185734029327	-32.42759233346352	-24.259276758707486	-0.3378538430453493	-17.802699661254884	51	130	73246828	73247009	3	10:73246958-73247009	10:73246828-73247009
10	75235787	75235832	ENST00000372538_1	45	-	75235787	75235832	0	1	45	0	ENST00000372538	45	-16.35135545068317	-14.760977861616347	0.006577777655588256	-8.133099991083146	-17.797173941264983	-10.657565553551136	0.8786304282004257	-11.202299937605858	45	46	75235743	75235834	3	10:75235787-75235832	10:75235743-75235834
10	75400810	75401104	ENST00000372524_1	294	-	75400810	75401104	0	1	294	0	ENST00000372524	294	-30.63247943988868	-26.297370790624296	0.9936122447497775	-14.379799744486808	-23.027385359578723	-23.027385359578723	0.8617447282807068	-5.6724001407623295	294	436	75400374	75401104	2	10:75400810-75401104	10:75400374-75401104
10	99619963	99620044	ENST00000370495_1	81	-	99619963	99620044	0	1	81	0	ENST00000370495	81	-18.36548152676335	-16.943802478872698	2.5852715943560556	-13.945199871063233	-23.961097403846676	-23.891493136241994	0.8421858590696146	2.8929998874664307	81	6039	99613924	99620044	2	10:99619963-99620044	10:99613924-99620044
10	116742166	116742427	ENST00000369209_1	261	-	116742166	116742427	0	1	261	0	ENST00000369209	261	-21.11657643151634	-14.565925423654855	0.32774902160334235	-9.34199969470501	-22.17016992253078	-22.109095417019002	-0.1432040299527732	11.723999977111816	261	34883	116707285	116742429	2	10:116742166-116742427	10:116707285-116742429
10	119178664	119178754	ENST00000298510_1	90	-	119178664	119178754	0	1	90	0	ENST00000298510	90	-28.08563332358996	-24.770155705346003	0.6785116281717756	-11.15159993171692	-18.943593269107637	-17.266427705738504	-0.07545461317995611	7.130000114440918	90	1511	119177153	119178754	2	10:119178664-119178754	10:119177153-119178754
10	121927562	121927841	ENST00000224652_1	279	-	121927562	121927841	0	1	279	0	ENST00000224652	279	-17.856405009185114	-16.345204235485163	-0.5868207844158662	-4.4944999327262245	-21.455730487696883	-19.578398707156456	-0.31838885324229615	-0.0247499942779541	279	3235	121924329	121927843	3	10:121927562-121927841	10:121924329-121927843
11	695848	695911	ENST00000397510_1	63	+	695848	695911	0	1	63	0	ENST00000397510	63	-13.279952420365243	-5.241936459900841	-0.07630158283762516	-5.7569999858736995	-17.021318970084945	-17.021318970084945	-0.6714879953381812	3.7904999554157257	63	2959	695846	698868	2	11:695848-695911	11:695846-698868
11	8682816	8682888	ENST00000314138_1	72	+	8682816	8682888	0	1	72	0	ENST00000314138	72	-33.44104184707006	-29.107097344266045	-0.9606388769267747	-22.992000150680543	-27.131469645439246	-27.131469645439246	-0.2597252425742142	-11.198999881744385	72	313	8682816	8683201	1	11:8682816-8682888	11:8682816-8683201
11	9574509	9574692	ENST00000450114_1	183	+	9574509	9574692	0	1	183	0	ENST00000450114	183	-9.203672076346445	-9.203672076346445	2.157712699979214	2.8073999106884004	-25.065639220070306	-23.7631635158354	0.569279499795623	-7.633399868011475	183	1195	9574509	9575887	1	11:9574509-9574692	11:9574509-9575887
11	16738841	16738874	ENST00000228136_1	33	+	16738841	16738874	0	1	33	0	ENST00000228136	33	-8.50454534183849	-7.054060558478038	6.387545405463739	-7.912199831008911	-23.8459740107982	-22.89060224052495	0.36479365365386396	2.884999990463257	33	5726	16738841	16744600	3	11:16738841-16738874	11:16738841-16744600
11	31510009	31510144	ENST00000640961_1	135	+	31510009	31510144	0	1	135	0	ENST00000640961	135	-23.248377803299164	-20.28338503020781	1.2136074144807127	-14.28420012295246	-22.905898534329282	-22.25957131757476	0.3045862028367152	6.603000164031982	135	9913	31510007	31520055	2	11:31510009-31510144	11:31510007-31520055
11	32583929	32584181	ENST00000531120_1	252	+	32583929	32584181	0	1	252	0	ENST00000531120	252	-22.361285720197927	-21.75669852230284	-0.2936785752249379	-5.324899983406067	-20.495246277286647	-20.495246277286647	-0.10564400012871589	1.1936000168323517	252	2830	32583929	32587011	3	11:32583929-32584181	11:32583929-32587011
11	35944146	35944263	ENST00000315571_1	117	+	35944146	35944263	0	1	117	0	ENST00000315571	117	-9.335025663941334	-6.183136786660578	1.0225585569031872	-2.721299874782562	-23.01260171687622	-22.927729357531913	0.0004981074435084544	21.906999588012695	117	91841	35944144	36036102	1	11:35944146-35944263	11:35944144-36036102
11	47981008	47981065	ENST00000418331_1	57	+	47981008	47981065	0	1	57	0	ENST00000418331	57	-9.4487894836225	-5.6658595967711065	1.3020351116235058	-6.285899877548218	-19.788487559736563	-19.769546575878454	-0.12671189210274533	13.71500015258789	57	128992	47981008	48110057	2	11:47981008-47981065	11:47981008-48110057
11	61392667	61392742	ENST00000515837_1	75	+	61392667	61392742	0	1	75	0	ENST00000515837	75	-22.596759910583497	-21.214293364286423	1.4903466706102093	-8.500900030136108	-24.778259097191754	-19.862106073358838	0.0028527482822128048	-4.745299863815307	75	490	61392665	61393230	2	11:61392667-61392742	11:61392665-61393230
11	62761660	62761750	ENST00000301788_1	90	+	62761660	62761750	0	1	90	0	ENST00000301788	90	-25.131066623330117	-25.131066623330117	0.7901707342939406	-15.864199683070183	-38.89006840098988	-19.86111375960437	0.43184090786698187	-33.0778003692627	90	44	62761660	62761794	2	11:62761660-62761750	11:62761660-62761794
11	63681780	63681888	ENST00000377819_1	108	+	63681780	63681888	0	1	108	0	ENST00000377819	108	-17.693138889140553	-17.671083350562387	0.3238703772464457	-6.729400026798248	-16.789261239161036	-16.53120655302377	0.0352847159781996	11.081999778747559	108	36815	63681778	63718701	1	11:63681780-63681888	11:63681778-63718701
11	65570512	65570545	ENST00000309328_1	33	+	65570512	65570545	0	1	33	0	ENST00000309328	33	-22.823000273921274	-22.652727379943386	1.3629091029817408	-21.501200264692308	-16.702150078614554	-16.702150078614554	1.2972833322516333	-12.993200182914734	33	60	65570510	65570603	2	11:65570512-65570545	11:65570510-65570603
11	65919543	65919735	ENST00000312515_1	192	+	65919543	65919735	0	1	192	0	ENST00000312515	192	-18.881265663774684	-16.671249899586353	0.7948603423529528	-10.854899954795837	-15.703818153251301	-15.703818153251301	1.3111136407930066	-15.35776653289795	192	44	65919543	65919779	1	11:65919543-65919735	11:65919543-65919779
11	66509315	66509531	ENST00000419755_1	216	+	66509315	66509531	0	1	216	0	ENST00000419755	216	-24.1912112672564	-18.759596277850335	1.2630462942136176	-7.611444486512078	-20.831840210126643	-19.76128576102418	0.10345733573448879	14.705200016498566	216	1482	66509314	66511012	3	11:66509315-66509531	11:66509314-66511012
11	66843641	66843758	ENST00000309657_1	117	+	66843641	66843758	0	1	117	0	ENST00000309657	117	-13.364948902374659	-13.364948902374659	1.6124700839097938	-2.0659000396728517	2.8589999675750732	9.454999923706055	9.366999626159668		117	1	66843640	66843758	3	11:66843641-66843758	11:66843640-66843758
11	67583846	67584002	ENST00000398606_1	156	+	67583846	67584002	0	1	156	0	ENST00000398606	156	-21.364882261583617	-18.07118301327322	-0.6857092253110827	-8.18810007199645	-34.31744882347077	-24.20247247275405	-1.0453157921976417	-18.991249471902847	156	133	67583844	67584133	3	11:67583846-67584002	11:67583844-67584133
11	67607076	67607163	ENST00000322776_1	87	+	67607076	67607163	0	1	87	0	ENST00000322776	87	-18.508000303959026	-16.129977078273377	0.8665057504991198	-10.090300014615059	-19.980293850127893	-19.812850321987202	-0.10780234552810275	2.0805000389615693	87	1232	67607076	67608395	1	11:67607076-67607163	11:67607076-67608395
11	69641511	69641538	ENST00000227507_1	27	+	69641511	69641538	0	1	27	0	ENST00000227507	27	0.028666787677341037	0.028666787677341037	1.8840740883239993		-14.531655476325366	-13.581020188702382	1.9055784187908067	2.48090004324913	27	1492	69641511	69643030	1	11:69641511-69641538	11:69641511-69643030
11	70203747	70204014	ENST00000301838_1	267	+	70203747	70204014	0	1	267	0	ENST00000301838	267	-15.454363676973365	-14.094534175131809	-1.0874681675375861	-7.5057778226004706	-17.871950977141	-17.43771769394829	-0.7872922038270289	-0.2080000162124634	267	2120	70203745	70206132	1	11:70203747-70204014	11:70203745-70206132
11	74592718	74592775	ENST00000263681_1	57	+	74592718	74592775	0	1	57	0	ENST00000263681	57	-27.152578956202458	-16.418947337750804	2.057122795229876	-22.56610040664673	-24.738655088236737	-23.767398320949795	0.2248244929709835	-2.9320998698472978	57	1285	74592718	74594060	2	11:74592718-74592775	11:74592718-74594060
11	74949399	74949501	ENST00000263672_1	102	+	74949399	74949501	0	1	102	0	ENST00000263672	102	-24.242470714975806	-24.242470714975806	0.9216274447332812	-15.839800071716308	-17.229194268132808	-16.98735149349894	0.18065686259332747	7.045000076293945	102	15532	74949399	74965033	1	11:74949399-74949501	11:74949399-74965033
11	83157631	83157667	ENST00000690938_1	36	+	83157631	83157667	0	1	36	0	ENST00000690938	36	-3.718250133097172	-0.34972215112712646	7.690138934387101	-0.019300004839897154	-14.82858130440034	-14.396984894479514	3.6726064477520888	3.2445000410079956	36	3659	83157631	83161326	2	11:83157631-83157667	11:83157631-83161326
11	85628688	85628721	ENST00000358867_1	33	+	85628688	85628721	0	1	33	0	ENST00000358867	33	-36.52290907773104	-28.493484836636167	0.9758787913473718	-38.063399982452395	-24.125062312105616	-24.125062312105616	0.27743297216808765	4.860000133514404	33	2965	85628688	85631686	1	11:85628688-85628721	11:85628688-85631686
11	95790743	95790785	ENST00000325542_1	42	+	95790743	95790785	0	1	42	0	ENST00000325542	42	-25.83242862565177	-13.493595334745589	0.7043333562795029	-27.02699990272522	-17.76260673931363	-17.129387109363414	0.020660546437761784	5.709000110626221	42	8446	95790743	95799231	3	11:95790743-95790785	11:95790743-95799231
11	114400767	114401049	ENST00000375490_1	282	+	114400767	114401049	0	1	282	0	ENST00000375490	282	-19.532074383598694	-19.532074383598694	-0.419184397926706	-5.848199671506881	-28.57681934894235	-27.25374694423819	-0.15792746851518952	-13.996800005435944	282	648	114400767	114401697	1	11:114400767-114401049	11:114400767-114401697
11	114439675	114439870	ENST00000265881_1	195	+	114439675	114439870	0	1	195	0	ENST00000265881	195	-19.99150771682079	-16.099840917648415	0.7512307677895594	-10.06129994392395	-27.435666225404496	-25.081011386263143	0.41954140128763573	-7.472999864816666	195	785	114439675	114440655	2	11:114439675-114439870	11:114439675-114440655
11	118401719	118401899	ENST00000300688_1	180	+	118401719	118401899	0	1	180	0	ENST00000300688	180	-23.461533385515214	-20.998938940962155	-0.31784999947477544	-10.370200157165527	-21.090330864891225	-19.148143345265257	0.16921269302295588	5.426000118255615	180	5039	118401717	118406936	3	11:118401719-118401899	11:118401717-118406936
11	118572550	118572817	ENST00000264028_1	267	+	118572550	118572817	0	1	267	0	ENST00000264028	267	-16.49985396610887	-15.940351859837325	0.2252284567367132	-2.8452998459339143	-16.753898874929064	-16.398361295726747	-0.039506611082665934	9.33899974822998	267	8428	118572550	118581245	2	11:118572550-118572817	11:118572550-118581245
11	130070082	130070301	ENST00000338167_1	219	+	130070082	130070301	0	1	219	0	ENST00000338167	219	-10.361383573228672	-9.828643793248695	1.8938235344106158	0.07849998474121093	-17.65241376872149	-17.648188552266507	0.049289563731419586	10.657999992370605	219	39127	130070082	130109428	1	11:130070082-130070301	11:130070082-130109428
11	207237	207300	ENST00000382762_1	63	-	207237	207300	0	1	63	0	ENST00000382762	63	-20.91642856030237	-17.44465101616723	-0.744968247570334	-12.312400233745574	-19.744302977963965	-19.411315716031076	-0.7244331098045222	0.01712510548532009	63	1196	206043	207302	1	11:207237-207300	11:206043-207302
11	235851	236046	ENST00000382743_1	195	-	235851	236046	0	1	195	0	ENST00000382743	195	-15.86875000782311	-15.86875000782311	-0.6196102533244695	-5.632400047779083	-18.788290347166345	-15.541088777656872	-0.19697678441896077	-0.7480000257492065	195	2318	233534	236047	1	11:235851-236046	11:233534-236047
11	6319900	6320092	ENST00000303927_1	192	-	6319900	6320092	0	1	192	0	ENST00000303927	192	-22.19835418990503	-19.345468823953222	0.6780677061954824	-11.839599937200546	-25.43201188858421	-24.048116241005204	0.04894345003170505	-6.609000015258789	192	336	6319564	6320092	2	11:6319900-6320092	11:6319564-6320092
11	6603283	6603403	ENST00000254605_1	120	-	6603283	6603403	0	1	120	0	ENST00000254605	120	-31.640333053469657	-19.879575058817863	-0.42870833789735724	-7.711800360679627	-28.569814970907473	-26.08289296085566	0.17476310858087465	-12.567699766159057	120	1068	6602215	6603403	2	11:6603283-6603403	11:6602215-6603403
11	6683029	6683122	ENST00000288937_1	93	-	6683029	6683122	0	1	93	0	ENST00000288937	93	-22.33183898336144	-22.33183898336144	-0.370025001023896	-14.117200088500976	-32.51096253863005	-27.16152325210925	-0.16861413099104539	-14.8545001745224	93	214	6682815	6683122	2	11:6683029-6683122	11:6682815-6683122
11	14891764	14891980	ENST00000334636_1	216	-	14891764	14891980	0	1	216	0	ENST00000334636	216	-24.175787092358977	-22.41763409083985	-1.0497663598306364	-4.019899892807007	-21.31657615958066	-20.91470812151049	0.05217311444744724	0.5830000042915344	216	5847	14885917	14891980	2	11:14891764-14891980	11:14885917-14891980
11	33161142	33161298	ENST00000323959_1	156	-	33161142	33161298	0	1	156	0	ENST00000323959	156	-16.248019261643865	-16.10430788115049	1.570102581133445	3.685299789905548	-17.201502921870567	-16.605496547055004	-0.11829379288992548	12.4350004196167	156	19156	33141986	33161298	1	11:33161142-33161298	11:33141986-33161298
11	47578891	47578930	ENST00000430070_1	39	-	47578891	47578930	0	1	39	0	ENST00000430070	39	-22.386358725718964	-16.585000074826755	1.0717692167904131	-22.558732986450195	-27.124958400488588	-25.842458910464895	0.637565318382119	-4.086999797821045	39	865	47578028	47578932	2	11:47578891-47578930	11:47578028-47578932
11	59810529	59810601	ENST00000300151_1	72	-	59810529	59810601	0	1	72	0	ENST00000300151	72	-22.652208149433136	-15.843361056513256	-0.5470555526618328	-13.686900067329407	-13.46376406126082	-11.933402127738004	-0.41988075055515955	6.016499876976013	72	611	59809920	59810603	1	11:59810529-59810601	11:59809920-59810603
11	61792453	61792555	ENST00000537328_1	102	-	61792453	61792555	0	1	102	0	ENST00000537328	102	-30.664117564173306	-26.584323683205774	0.19097059596256882	-21.505399894714355	-18.286569554638284	-17.36662591214404	0.11582222223088781	7.084600019454956	102	1851	61790602	61792555	2	11:61792453-61792555	11:61790602-61792555
11	61967095	61967311	ENST00000273550_1	216	-	61967095	61967311	0	1	216	0	ENST00000273550	216	-15.897662062473872	-13.19129173292054	0.14695833174347947	-2.202599987387657	-16.90817569084884	-16.90817569084884	-0.1764679320344149	1.3436666925748189	216	1580	61965515	61967311	2	11:61967095-61967311	11:61965515-61967311
11	62601123	62601420	ENST00000278823_1	297	-	62601123	62601420	0	1	297	0	ENST00000278823	297	-13.444949474298593	-11.67390578435828	0.779222223721131	7.380000019073487	-21.92189684033462	-17.243245360843087	0.36312385019979765	-7.694800026714802	297	436	62600689	62601422	1	11:62601123-62601420	11:62600689-62601422
11	62612220	62612433	ENST00000394773_1	213	-	62612220	62612433	0	1	213	0	ENST00000394773	213	-14.783831051117938	-9.219722952956046	1.396906103072535	-3.7942999720573427	-19.823303482174456	-19.669662928342504	0.7836437163956258	-2.5096999406814575	213	626	62611596	62612435	1	11:62612220-62612433	11:62611596-62612435
11	62621716	62621863	ENST00000265471_1	147	-	62621716	62621863	0	1	147	0	ENST00000265471	147	-5.480238012716073	-5.480238012716073	0.9539489008649422	1.5396999180316926	-19.19010247073718	-16.652023050420244	0.5649423433624432	-5.081100028753281	147	1047	62620671	62621865	2	11:62621716-62621863	11:62620671-62621865
11	62839444	62839504	ENST00000278856_1	60	-	62839444	62839504	0	1	60	0	ENST00000278856	60	-29.3313829600811	-29.3313829600811	-0.18603333445886772	-24.46479971408844	-16.035777144961887	-16.035777144961887	2.475555537889401		60	18	62839428	62839506	2	11:62839444-62839504	11:62839428-62839506
11	64246244	64246415	ENST00000309318_1	171	-	64246244	64246415	0	1	171	0	ENST00000309318	171	-20.031000041299396	-16.465040899508182	0.9894970796051931	-3.1125999301671983	-16.76344370989268	-15.2043816592039	1.9467775485607095	-1.4604999393224716	171	957	64245287	64246415	3	11:64246244-64246415	11:64245287-64246415
11	64317382	64317448	ENST00000544844_1	66	-	64317382	64317448	0	1	66	0	ENST00000544844	66	-29.009666634328436	-27.05369710561001	-0.3973787853663618	-24.5231999874115	-27.855529252220602	-22.3422347798067	1.2368235223214417		66	17	64317365	64317448	2	11:64317382-64317448	11:64317365-64317448
11	64802987	64803053	ENST00000294066_1	66	-	64802987	64803053	0	1	66	0	ENST00000294066	66	-6.445984842199268	-6.445984842199268	0.5448620586880836	-4.459666740894318	-17.453133250607383	-5.532199970881144	1.8389777782062688	-15.328400113185246	66	45	64802942	64803053	3	11:64802987-64803053	11:64802942-64803053
11	65780354	65780441	ENST00000532090_1	87	-	65780354	65780441	0	1	87	0	ENST00000532090	87	-32.4249656077089	-26.027598005601728	-0.010011488207797894	-16.39076656103134	-12.364416678746542	-12.364416678746542	1.351166669279337		87	12	65780342	65780441	3	11:65780354-65780441	11:65780342-65780441
11	67437559	67437616	ENST00000326294_1	57	-	67437559	67437616	0	1	57	0	ENST00000326294	57	-24.284649006107397	-24.284649006107397	0.32468418706731317	-11.11809948682785	-22.25549831879968	-22.25549831879968	-0.2093015748724093	-4.408000016212464	57	1209	67436350	67437616	2	11:67437559-67437616	11:67436350-67437616
11	67629635	67629716	ENST00000376693_1	81	-	67629635	67629716	0	1	81	0	ENST00000376693	81	-9.88497523429953	-9.88497523429953	0.3755061779182726	0.8972001045942306	-19.456437578453468	-19.456437578453468	-0.2785340494027288	-4.927900242805481	81	585	67629051	67629717	3	11:67629635-67629716	11:67629051-67629717
11	72103143	72103182	ENST00000278671_1	39	-	72103143	72103182	0	1	39	0	ENST00000278671	39	-3.278076937565437	-3.278076937565437	3.0268974155187607	-2.142799896001816	-26.049778260226663	-24.875818178387004	0.40229120542105357	-0.22716663281122842	39	3887	72099256	72103182	1	11:72103143-72103182	11:72099256-72103182
11	77820327	77820525	ENST00000308488_1	198	-	77820327	77820525	0	1	198	0	ENST00000308488	198	-18.58398357461222	-13.836940917276568	1.8239797977495449	1.46349995136261	-15.903652079543177	-15.66822645870184	0.12195230082350896	6.733899921178818	198	55640	77764689	77820527	1	11:77820327-77820525	11:77764689-77820527
11	95789229	95789391	ENST00000358780_1	162	-	95789229	95789391	0	1	162	0	ENST00000358780	162	-20.415833365034175	-13.766555614677475	1.2497777837072785	-6.7259999990463255	-15.516666687118846	-14.970540563740933	2.3288048395713363	-0.6736000120639801	162	666	95788563	95789391	1	11:95789229-95789391	11:95788563-95789391
11	108497964	108498162	ENST00000323468_1	198	-	108497964	108498162	0	1	198	0	ENST00000323468	198	-19.545211936488297	-19.368479761812424	-0.28538383366163783	-11.469499921798706	-18.083394185291883	-17.95550535898688	0.09610458986708954	6.234000205993652	198	6799	108491167	108498164	1	11:108497964-108498162	11:108491167-108498164
11	119018086	119018281	ENST00000527673_1	195	-	119018086	119018281	0	1	195	0	ENST00000527673	195	-24.642041129294114	-24.642041129294114	-0.6029538507692707	-1.002199975401163	-36.40784830035585	-25.392727277495645	0.17503030078880716	-35.05773296356201	195	33	119018053	119018281	2	11:119018086-119018281	11:119018053-119018281
12	754324	754513	ENST00000315939_1	189	+	754324	754513	0	1	189	0	ENST00000315939	189	-25.717777753633165	-23.30135442718627	0.45895238305631747	-16.897400379180908	-15.829229099040646	-15.718597909291596	0.14316623493861202	12.604499578475952	189	59128	754324	813641	2	12:754324-754513	12:754324-813641
12	6452314	6452521	ENST00000266556_1	207	+	6452314	6452521	0	1	207	0	ENST00000266556	207	-22.84462305082791	-20.83850015962825	-0.1888112224880796	-7.680199980735779	-25.674932384688127	-25.674932384688127	-0.08476965507586917	-9.106100031733513	207	547	6452312	6453066	2	12:6452314-6452521	12:6452312-6453066
12	6766750	6766945	ENST00000309083_1	195	+	6766750	6766945	0	1	195	0	ENST00000309083	195	-9.384030770567747	-6.010964028269816	1.3244410237727258	-1.1944999694824219	-18.65670966030097	-18.439576544824615	1.159426291676406	4.663399887084961	195	2657	6766750	6769602	2	12:6766750-6766945	12:6766750-6769602
12	6867683	6867890	ENST00000396705_1	207	+	6867683	6867890	0	1	207	0	ENST00000396705	207	-22.173953744425223	-15.722531266510487	0.08657971047908787	-1.0715001106262207	-22.346522232461854	-20.415334353388754	0.799417616485454	-3.073799955844879	207	975	6867681	6868863	3	12:6867683-6867890	12:6867681-6868863
12	12813454	12813499	ENST00000358007_1	45	+	12813454	12813499	0	1	45	0	ENST00000358007	45	-32.231400259335835	-30.72886649237739	0.7463555597182777	-24.45500030517578	-23.828315152592022	-23.828315152592022	-0.17577971288382346	-7.430399937927723	45	631	12813454	12814130	2	12:12813454-12813499	12:12813454-12814130
12	19440371	19440383	ENST00000266508_1	12	+	19440371	19440383	0	1	12	0	ENST00000266508	12	-12.880000114440918	3.2342501084009805	2.2747500290473304		-17.04277600486478	-17.020882108828392	0.17307183746814905	7.093999862670898	12	22127	19440370	19462509	3	12:19440371-19440383	12:19440370-19462509
12	20370244	20370352	ENST00000359062_1	108	+	20370244	20370352	0	1	108	0	ENST00000359062	108	-21.40486115548346	-18.070685177489562	0.7997685109644577	-11.326499891281127	-24.708628007827972	-24.708628007827972	0.11796713040803447	9.993000030517578	108	186307	20370244	20556659	2	12:20370244-20370352	12:20370244-20556659
12	22625586	22625673	ENST00000266517_1	87	+	22625586	22625673	0	1	87	0	ENST00000266517	87	-16.759758739635863	-15.936793115632288	-0.1711609109636696	-9.347099804878235	-16.77848995438983	-16.519838977349767	0.06538622076432818	5.819999933242798	87	18089	22625586	22643762	1	12:22625586-22625673	12:22625586-22643762
12	51238922	51239180	ENST00000412716_1	258	+	51238922	51239180	0	1	258	0	ENST00000412716	258	-23.256744211496308	-20.868337162243304	1.218310081954078	-14.68209981918335	-20.154395518725117	-20.154395518725117	0.36249010573101914	10.471999645233154	258	1164	51238920	51240342	3	12:51238922-51239180	12:51238920-51240342
12	52233620	52233686	ENST00000331817_1	66	+	52233620	52233686	0	1	66	0	ENST00000331817	66	-17.149954449046742	-17.083590960863866	-0.013727250932292505	-10.524199771881104	-25.200114426109298	-25.200114426109298	-0.3159046323854338	-2.7403752207756042	66	1468	52233620	52235154	3	12:52233620-52233686	12:52233620-52235154
12	53006498	53006555	ENST00000262056_1	57	+	53006498	53006555	0	1	57	0	ENST00000262056	57	-15.506631826099596	-13.737964945927	3.3301052926516714	-11.600100135803222	-18.630542711382777	-18.630542711382777	0.07002392665612567	4.1606667041778564	57	9919	53006496	53016472	3	12:53006498-53006555	12:53006496-53016472
12	53098053	53098305	ENST00000301464_1	252	+	53098053	53098305	0	1	252	0	ENST00000301464	252	-23.1339157008263	-23.1339157008263	0.038234127902089514	-10.303499794006347	-21.49228163738259	-21.222596655576293	0.1980898071354416	8.87399959564209	252	2408	53098051	53100711	1	12:53098053-53098305	12:53098051-53100711
12	53299953	53300040	ENST00000267103_1	87	+	53299953	53300040	0	1	87	0	ENST00000267103	87	-14.878689776206839	-14.878689776206839	-0.3786436800641575	-9.708800137043	-24.447871374222665	-24.447871374222665	-0.7221651425533885	-12.658399771898985	87	109	53299953	53300149	1	12:53299953-53300040	12:53299953-53300149
12	56042169	56042190	ENST00000646449_1	21	+	56042169	56042190	0	1	21	0	ENST00000646449	21	-21.85828617640904	-3.7701903751918246	0.05195236826936404		-30.386064976840824	-29.54868412417767	-1.2327544673462398	-13.39070029258728	21	234	56042169	56042424	1	12:56042169-56042190	12:56042169-56042424
12	56116799	56116817	ENST00000546591_1	18	+	56116799	56116817	0	1	18	0	ENST00000546591	18	-19.233667095502216	-19.233667095502216	1.5402778079733253		-31.043640985717513	-29.138374909677584	-0.44187870484932434	-14.161689774743442	18	371	56116799	56117188	3	12:56116799-56116817	12:56116799-56117188
12	57941890	57942040	ENST00000300145_1	150	+	57941890	57942040	0	1	150	0	ENST00000300145	150	-14.886579926013946	-14.886579926013946	0.027697983754161222	9.947299993038177	-16.993626247406088	-16.993626247406088	0.010244934548344874	6.193999767303467	150	3589	57941888	57945627	2	12:57941890-57942040	12:57941888-57945627
12	63780131	63780245	ENST00000261234_1	114	+	63780131	63780245	0	1	114	0	ENST00000261234	114	-17.430947213384666	-15.979868443388687	-0.7353158004524741	-9.216099812835456	-26.548637429139305	-21.97734199166298	-0.09824516423572335	-10.833899784088135	114	775	63780129	63781018	3	12:63780131-63780245	12:63780129-63781018
12	64610743	64610965	ENST00000542104_1	222	+	64610743	64610965	0	1	222	0	ENST00000542104	222	-20.01744588081901	-18.99736037138883	0.5189539181923682	-2.377699947357178	-18.118805137836166	-18.055737626116052	-0.10228169040902667	14.767000198364258	222	73821	64610743	64684786	2	12:64610743-64610965	12:64610743-64684786
12	69585524	69585605	ENST00000299300_1	81	+	69585524	69585605	0	1	81	0	ENST00000299300	81	-33.3817408879598	-32.20435846955688	-0.7491481405349425	-23.59729995727539	-27.28199221957475	-26.823028204813482	-0.4102725929288539	-1.630222390095393	81	664	69585524	69586269	3	12:69585524-69585605	12:69585524-69586269
12	95859076	95859226	ENST00000266735_1	150	+	95859076	95859226	0	1	150	0	ENST00000266735	150	-18.954179964065553	-16.04588003396988	0.33722297718270206	-8.804399824142456	-21.355469796094734	-21.355469796094734	-0.13857710109911944	-1.3568000555038453	150	1941	95859076	95861167	2	12:95859076-95859226	12:95859076-95861167
12	108562736	108562820	ENST00000311893_1	84	+	108562736	108562820	0	1	84	0	ENST00000311893	84	-23.198821587221964	-23.198821587221964	0.08385714369692973	-15.602399873733521	-23.6848364278489	-23.6848364278489	-0.22293141332553348	-4.071200227737426	84	1458	108562736	108564278	3	12:108562736-108562820	12:108562736-108564278
12	110502385	110502436	ENST00000409300_1	51	+	110502385	110502436	0	1	51	0	ENST00000409300	51	-24.409588452647714	-24.409588452647714	0.2705882414444989	-24.26420021057129	-24.668405318881074	-21.65712727958788	0.02757622279569148	6.347999811172485	51	1371	110502383	110503805	2	12:110502385-110502436	12:110502383-110503805
12	112013609	112013717	ENST00000261735_1	108	+	112013609	112013717	0	1	108	0	ENST00000261735	108	-29.75088892132044	-20.36170385502003	0.7784722181645015	-13.36249989271164	-22.759224143985083	-22.146457802850513	0.13673435044447252	3.5856667359670005	108	6038	112013609	112019755	3	12:112013609-112013717	12:112013609-112019755
12	119668403	119668442	ENST00000229328_1	39	+	119668403	119668442	0	1	39	0	ENST00000229328	39	-20.970769295325645	-20.970769295325645	0.021256410874999486	-22.748599910736083	-23.581848904856724	-22.629380851500944	0.06236653606773954	0.5870000123977661	39	3858	119668403	119672300	3	12:119668403-119668442	12:119668403-119672300
12	120438231	120438357	ENST00000229379_1	126	+	120438231	120438357	0	1	126	0	ENST00000229379	126	-14.938571394908996	-14.938571394908996	0.5414523738510315	-5.2007000029087065	-17.61978270307831	-17.61978270307831	1.9576086892300975		126	23	120438229	120438378	1	12:120438231-120438357	12:120438229-120438378
12	120687533	120687716	ENST00000228506_1	183	+	120687533	120687716	0	1	183	0	ENST00000228506	183	-18.73154073660491	-18.73154073660491	1.2009836049499805	-7.861799597740173	-23.18408583327618	-22.45529580780049	0.5817102206016868	4.735000133514404	183	6376	120687531	120694090	3	12:120687533-120687716	12:120687531-120694090
12	120710720	120710891	ENST00000344651_1	171	+	120710720	120710891	0	1	171	0	ENST00000344651	171	-16.77222805117306	-13.391152049169728	-0.02432748069442068	-8.242400169372559	-25.42952712841724	-25.429335971004928	0.08097377257706644	-5.107600072026253	171	2384	120710718	120713273	3	12:120710720-120710891	12:120710718-120713273
12	121400218	121400305	ENST00000361234_1	87	+	121400218	121400305	0	1	87	0	ENST00000361234	87	-25.149103328071792	-18.982482890288036	1.1374137979429002	-19.45709984898567	-16.48657135499016	-16.016572100066895	0.014260813039032686	6.658999919891357	87	15853	121400218	121416158	2	12:121400218-121400305	12:121400218-121416158
12	122975383	122975431	ENST00000228922_1	48	+	122975383	122975431	0	1	48	0	ENST00000228922	48	-30.39568756520748	-16.043645670016605	0.34779166461278993	-26.40440046787262	-20.67677047872292	-20.67677047872292	-0.37389710034418233	-0.9824998140335083	48	379	122975383	122975810	2	12:122975383-122975431	12:122975383-122975810
12	123584816	123585107	ENST00000262225_1	291	+	123584816	123585107	0	1	291	0	ENST00000262225	291	-14.34838154852467	-14.34838154852467	0.32481787228217524	2.4163997411727904	-20.331604017294445	-17.946995018315004	-0.40839202066804114	-1.26349995136261	291	1639	123584816	123586746	3	12:123584816-123585107	12:123584816-123586746
12	123602256	123602346	ENST00000238146_1	90	+	123602256	123602346	0	1	90	0	ENST00000238146	90	-17.87136654009422	-15.06064449151357	-0.25747778604014054	-2.6263999223709105	-17.232192891583352	-16.04913338381861	-0.35769200032324133	-0.5550000156675067	90	3584	123602256	123605930	1	12:123602256-123602346	12:123602256-123605930
12	123633874	123633994	ENST00000543341_1	120	+	123633874	123633994	0	1	120	0	ENST00000543341	120	-34.55607517957687	-16.562450005610785	-0.12961667029497523	-25.61549961566925	-14.76697659474911	-14.275824365567747	-0.33885824049858676	2.8919999599456787	120	5271	123633872	123639263	2	12:123633874-123633994	12:123633872-123639263
12	123712682	123712859	ENST00000330342_1	177	+	123712682	123712859	0	1	177	0	ENST00000330342	177	-12.125288054094476	-10.678160882544244	0.07948023657772248	-3.9249999284744264	-18.81640369495709	-18.58691151888608	-0.4505788183490354	8.286999702453613	177	5763	123712682	123718622	3	12:123712682-123712859	12:123712682-123718622
12	388755	388926	ENST00000399788_1	171	-	388755	388926	0	1	171	0	ENST00000399788	171	-23.517368310376217	-23.32273090234277	-0.16847953355424541	-9.11240005493164	-23.24940170966577	-23.197857739571358	0.19534118164449454	7.175000190734863	171	2781	385974	388926	1	12:388755-388926	12:385974-388926
12	6341517	6341775	ENST00000162749_1	258	-	6341517	6341775	0	1	258	0	ENST00000162749	258	-21.852848833036976	-19.378147286673386	-0.4564108563318141	-6.449200177192688	-24.610670963734503	-24.11606049571393	-0.015128314620070263	3.703000068664551	258	7273	6334244	6341775	1	12:6341517-6341775	12:6334244-6341775
12	6970330	6970414	ENST00000535923_1	84	-	6970330	6970414	0	1	84	0	ENST00000535923	84	-16.83730950348434	-16.83730950348434	0.07653571812192067	-12.214800134301186	-24.30428853057898	-16.100019198197586	1.5311730741881406	-24.487733467419943	84	52	6970280	6970416	2	12:6970330-6970414	12:6970280-6970416
12	10613319	10613436	ENST00000320756_1	117	-	10613319	10613436	0	1	117	0	ENST00000320756	117	-14.726256366150501	-14.726256366150501	-0.4445982903180421	-7.0238999873399734	-23.273077837738384	-22.969074322999493	-0.11860715639103804	4.513999938964844	117	2641	10610680	10613438	1	12:10613319-10613436	12:10610680-10613438
12	12999853	13000036	ENST00000014930_1	183	-	12999853	13000036	0	1	183	0	ENST00000014930	183	-17.695278575348723	-17.695278575348723	-0.24672131654373852	-8.963400089740754	-20.90739541392308	-20.761187830130726	-0.13977908051607524	4.807000160217285	183	10438	12989415	13000036	2	12:12999853-13000036	12:12989415-13000036
12	48716363	48716513	ENST00000261900_1	150	-	48716363	48716513	0	1	150	0	ENST00000261900	150	-17.235600165526073	-17.235600165526073	1.478499988069137	-5.766966752211252	-21.876355988043947	-21.530690767886963	0.12941536732788825	4.216000080108643	150	1840	48714524	48716514	3	12:48716363-48716513	12:48714524-48716514
12	49069617	49069731	ENST00000301068_1	114	-	49069617	49069731	0	1	114	0	ENST00000301068	114	-14.376815830798526	-14.376815830798526	1.4188508792665966	-4.883700062334538	-25.300325329333216	-25.000741375726882	0.6033976602560494	-6.588166509754956	114	513	49069106	49069733	1	12:49069617-49069731	12:49069106-49069733
12	49188901	49188976	ENST00000301071_1	75	-	49188901	49188976	0	1	75	0	ENST00000301071	75	-19.719186879793803	-19.719186879793803	0.8105200063064695	-11.686500215530396	-23.047373689626387	-20.757571784855042	0.9993768185301468	5.097500133514404	75	2068	49186833	49188976	2	12:49188901-49188976	12:49186833-49188976
12	49842721	49842853	ENST00000333924_1	132	-	49842721	49842853	0	1	132	0	ENST00000333924	132	-27.652272578441735	-20.33541667890368	0.4426742415084983	-10.974399948120118	-17.98737664627565	-17.686909524586504	0.12697553573107914	5.077000141143799	132	3706	49839015	49842853	2	12:49842721-49842853	12:49839015-49842853
12	52904603	52904657	ENST00000692008_1	54	-	52904603	52904657	0	1	54	0	ENST00000692008	54	-29.36712982698723	-22.161333276165855	0.09587037632310833	-27.779799989859264	-20.08306445788088	-19.894054290729247	-0.1736205239600021	0.02133333683013916	54	2531	52902072	52904657	3	12:52904603-52904657	12:52902072-52904657
12	71662929	71663010	ENST00000378743_1	81	-	71662929	71663010	0	1	81	0	ENST00000378743	81	-15.7878518557107	-2.726963081845531	3.3721110955294638	-5.82379997074604	-24.422716108636912	-24.061183746442584	0.34728415129223383	3.9619998931884766	81	5630	71657301	71663012	1	12:71662929-71663010	12:71657301-71663012
12	76348139	76348160	ENST00000650064_1	21	-	76348139	76348160	0	1	21	0	ENST00000650064	21	-29.288095020112536	-14.531142507280622	0.5029047528902689		-30.107702593796652	-28.998957394878182	-0.15416714055305372	-11.858300185203552	21	353	76347787	76348161	3	12:76348139-76348160	12:76347787-76348161
12	92145130	92145385	ENST00000256015_1	255	-	92145130	92145385	0	1	255	0	ENST00000256015	255	-18.147027541726242	-11.026745123956717	0.3318117633808916	-4.822000116109848	-19.776962092230573	-17.50967150204373	0.9618428799001673	-2.717600107192993	255	685	92144447	92145387	2	12:92145130-92145385	12:92144447-92145387
12	105235724	105235958	ENST00000258530_1	234	-	105235724	105235958	0	1	234	0	ENST00000258530	234	-13.519922128100417	-12.861697348324876	0.019282050814845752	-2.378599998354912	-22.463133238848812	-22.463133238848812	0.029492485083881782	0.2589998245239258	234	6501	105229223	105235958	3	12:105235724-105235958	12:105229223-105235958
12	110449960	110450254	ENST00000228825_1	294	-	110449960	110450254	0	1	294	0	ENST00000228825	294	-23.20634691113112	-23.20634691113112	-0.4017823156496814	-9.569500255584718	-11.758177650357812	-11.758177650357812	-0.22216510666777503	5.609000205993652	294	4409	110445551	110450254	2	12:110449960-110450254	12:110445551-110450254
12	111685477	111685708	ENST00000419234_1	231	-	111685477	111685708	0	1	231	0	ENST00000419234	231	-23.299930710555156	-17.71519474404586	-0.1518571444170235	-8.987200069427491	-20.00728329234947	-20.00728329234947	-0.07689213224345989	10.666000366210938	231	2172	111683307	111685710	2	12:111685477-111685708	12:111683307-111685710
12	120446108	120446225	ENST00000546954_1	117	-	120446108	120446225	0	1	117	0	ENST00000546954	117	-20.43532454235512	-20.43532454235512	-0.1084786310690479	-4.830499911308289	-20.539431836116584	-19.722265595437978	-0.030015555225216425	-1.7536000967025758	117	1153	120444955	120446225	3	12:120446108-120446225	12:120444955-120446225
12	123532921	123533173	ENST00000376874_1	252	-	123532921	123533173	0	1	252	0	ENST00000376874	252	-24.16805558775862	-20.068559589840117	-0.13089959768075346	0.8848001539707184	-17.973341677160942	-17.067134750995812	-0.48220809532749637	6.308000087738037	252	9276	123523645	123533173	2	12:123532921-123533173	12:123523645-123533173
12	128823109	128823397	ENST00000266771_1	288	-	128823109	128823397	0	1	288	0	ENST00000266771	288	-8.177770641408301	-6.842556823341345	-0.436048614414176	2.9114001393318176	-15.097151581333543	-14.425729323377965	-0.7834972544276351	7.175000190734863	288	8039	128815070	128823397	2	12:128823109-128823397	12:128815070-128823397
13	36819957	36820014	ENST00000255476_1	57	+	36819957	36820014	0	1	57	0	ENST00000255476	57	-18.108105402243766	-18.071491530067043	0.029368422247404068	-12.003699827194215	-17.849377265387034	-17.372306423507894	0.09484576436397242	6.456499934196472	57	5413	36819957	36825427	1	13:36819957-36820014	13:36819957-36825427
13	48233477	48233726	ENST00000647800_1	249	+	48233477	48233726	0	1	249	0	ENST00000647800	249	-9.073879524167761	-9.073879524167761	0.2751164668997989	3.3956000566482545	-22.254430714671905	-21.8675813630442	0.2664477050282825	4.829499959945679	249	20081	48233477	48253807	3	13:48233477-48233726	13:48233477-48253807
13	49496097	49496223	ENST00000378319_1	126	+	49496097	49496223	0	1	126	0	ENST00000378319	126	-14.791438990976753	-9.610206283747203	-1.2500872949936561	-6.107499957084656	-14.44490970829385	-14.072718552416344	-0.11682367093006761	6.739999771118164	126	10413	49496095	49506634	1	13:49496097-49496223	13:49496095-49506634
13	50910142	50910304	ENST00000336617_1	162	+	50910142	50910304	0	1	162	0	ENST00000336617	162	-16.14348076355572	-15.767897489743355	-0.8988024712091794	-0.29387491941452026	-22.62482505263723	-22.62482505263723	0.12599623385929426	9.616999626159668	162	17104	50910140	50927406	2	13:50910142-50910304	13:50910140-50927406
13	102846356	102846596	ENST00000652225_1	240	+	102846356	102846596	0	1	240	0	ENST00000652225	240	-12.17116891503544	-12.17116891503544	-0.8565791710163466	-5.662249952554703	-18.809710360419867	-18.809710360419867	-0.12088353904337353	31.510100173950196	240	2563	102846314	102849117	3	13:102846356-102846596	13:102846314-102849117
13	23888939	23889131	ENST00000382172_1	192	-	23888939	23889131	0	1	192	0	ENST00000382172	192	-19.62216653799017	-19.39220314915292	-0.7968437492260515	-7.6745000123977665	-24.08134044741992	-23.33889920229384	-0.5066202483726819	-6.487099742889404	192	2433	23886506	23889131	3	13:23888939-23889131	13:23886506-23889131
13	45340952	45341039	ENST00000530705_1	87	-	45340952	45341039	0	1	87	0	ENST00000530705	87	-11.62781597828043	-11.62781597828043	-0.0919655150046101	-6.413733164469401	-14.574597822579406	-14.574597822579406	0.5123491112071161	-0.9924001157283783	87	169	45340785	45341041	3	13:45340952-45341039	13:45340785-45341041
13	49691235	49691253	ENST00000242827_1	18	-	49691235	49691253	0	1	18	0	ENST00000242827	18	-8.4251113070382	-8.4251113070382	0.6236666921112273		-13.662556425929974	-13.199249337827634	-0.18059337041220155	7.058500289916992	18	21389	49669846	49691253	1	13:49691235-49691253	13:49669846-49691253
13	52011022	52011286	ENST00000242839_1	264	-	52011022	52011286	0	1	264	0	ENST00000242839	264	-24.23399998196824	-22.184401460499927	-0.16026894123272292	-10.434400129318238	-19.068940840990358	-19.068940840990358	-0.02389450894592657	3.571000099182129	264	35854	51975168	52011286	2	13:52011022-52011286	13:51975168-52011286
13	72781496	72781604	ENST00000377767_1	108	-	72781496	72781604	0	1	108	0	ENST00000377767	108	-26.485046402171808	-18.340222311102682	-0.13637963257281593	-15.385300016403198	-24.256469637830005	-23.65057899164526	1.2987617140144105	-1.8594999611377716	108	493	72781003	72781604	3	13:72781496-72781604	13:72781003-72781604
13	99969974	99970124	ENST00000267294_1	150	-	99969974	99970124	0	1	150	0	ENST00000267294	150	-4.078231341376597	-4.078231341376597	2.9409066720679404	1.6987776855627696	-25.464843541201166	-25.464843541201166	0.41080613617653267	3.296000051498413	150	4157	99965819	99970126	3	13:99969974-99970124	13:99965819-99970126
13	110914655	110914724	ENST00000267339_1	69	-	110914655	110914724	0	1	69	0	ENST00000267339	69	-10.90904346410779	-8.078739097152932	1.4473623243848914	-3.745099925994873	-16.350752784715628	-15.494048109703177	-0.5172441797508037	2.0390000343322754	69	3885	110910770	110914724	3	13:110914655-110914724	13:110910770-110914724
13	113208346	113208598	ENST00000337344_1	252	-	113208346	113208598	0	1	252	0	ENST00000337344	252	-11.596506320458802	-9.24376892329765	-0.44825397131203243	-6.12359998524189	-9.169166510273813	-8.79889571976045	-0.20992925164898593	9.342000007629395	252	7830	113200516	113208598	2	13:113208346-113208598	13:113200516-113208598
14	22766764	22766878	ENST00000612549_1	114	+	22766764	22766878	0	1	114	0	ENST00000612549	114	-23.672000119560643	-23.672000119560643	0.07142104673722204	-13.509200382232667	-22.96902431753593	-20.06269640911643	-0.13544986554803856	-11.012100052833556	114	369	22766764	22767247	2	14:22766764-22766878	14:22766764-22767247
14	22829942	22829954	ENST00000397496_1	12	+	22829942	22829954	0	1	12	0	ENST00000397496	12	-39.86599946022034	0.2858180783011697	1.6421666963336368		-34.11263879964647	-20.734750132774934	-0.2671030915975955	-20.170099806785583	12	97	22829940	22830049	3	14:22829942-22829954	14:22829940-22830049
14	30622401	30622425	ENST00000458591_1	24	+	30622401	30622425	0	1	24	0	ENST00000458591	24	-31.963499695062637	-25.474833545275033	0.08691668681179483		-21.90769144096052	-21.90769144096052	0.061470278288570906	2.7149999141693115	24	5785	30622399	30628208	1	14:30622401-30622425	14:30622399-30628208
14	45136541	45136586	ENST00000267430_1	45	+	45136541	45136586	0	1	45	0	ENST00000267430	45	-24.509066804250082	-21.61315522723728	0.38075675983988755	-23.009700202941893	-28.956243880949376	-27.56129945333747	0.21082809277584647	-12.950399899482727	45	484	45136539	45137068	3	14:45136541-45136586	14:45136539-45137068
14	49599203	49599407	ENST00000298288_1	204	+	49599203	49599407	0	1	204	0	ENST00000298288	204	-15.150794277734617	-15.150794277734617	-0.5749019615708247	1.3449998140335082	-18.878314760740384	-17.86199031498384	1.9019996655645737	5.025000095367432	204	2962	49599203	49602369	3	14:49599203-49599407	14:49599203-49602369
14	51989702	51989882	ENST00000261700_1	180	+	51989702	51989882	0	1	180	0	ENST00000261700	180	-24.378383186956246	-17.210622169242964	-0.40268333272930856	-16.040800002217292	-21.84518558494008	-21.84518558494008	-0.05694026660112938	-1.2188890286617808	180	1436	51989700	51991316	3	14:51989702-51989882	14:51989700-51991316
14	54397077	54397176	ENST00000335183_1	99	+	54397077	54397176	0	1	99	0	ENST00000335183	99	-35.34445441852916	-20.70985846657946	0.8803131292818698	-16.15410006046295	-20.996845380205826	-19.371694059062346	0.14414201006591998	-1.0189999699592591	99	2717	54397077	54399893	1	14:54397077-54397176	14:54397077-54399893
14	59484595	59484787	ENST00000616435_1	192	+	59484595	59484787	0	1	192	0	ENST00000616435	192	-28.02964056865312	-26.131015533891816	-0.4631354196299071	-11.574099911749363	-20.437258293511494	-20.437258293511494	0.2994605798100501	1.1477666626373926	192	1945	59484593	59486730	2	14:59484595-59484787	14:59484593-59486730
14	61762589	61762859	ENST00000216294_1	270	+	61762589	61762859	0	1	270	0	ENST00000216294	270	-26.218777713676293	-21.818744284245703	-0.531940740990211	-12.95639973282814	-16.671525524660797	-16.582874236611634	-0.00004662221482330555	12.043999671936035	270	4017	61762588	61766875	3	14:61762589-61762859	14:61762588-61766875
14	73645042	73645066	ENST00000553645_1	24	+	73645042	73645066	0	1	24	0	ENST00000553645	24	-14.942999809980392	-9.80441681543986	3.1530832926121852		-17.292998366798958	-16.583193649007026	0.035571068076138794	9.545999526977539	24	9780	73645042	73654846	2	14:73645042-73645066	14:73645042-73654846
14	74713200	74713263	ENST00000341162_1	63	+	74713200	74713263	0	1	63	0	ENST00000341162	63	-34.3357621828715	-34.3357621828715	-0.22241269877283937	-28.231400299072266	-31.771090568190786	-25.721117602349405	0.2989727323589085	-19.475099885463713	63	221	74713200	74713484	1	14:74713200-74713263	14:74713200-74713484
14	75003155	75003215	ENST00000266126_1	60	+	75003155	75003215	0	1	60	0	ENST00000266126	60	-19.97749993801117	-19.97749993801117	-0.4653333301966389	-12.627499866485596	-23.405491793741945	-23.405491793741945	0.5534098443010302	-14.94070007801056	60	61	75003153	75003274	3	14:75003155-75003215	14:75003153-75003274
14	75279123	75279207	ENST00000303562_1	84	+	75279123	75279207	0	1	84	0	ENST00000303562	84	-33.58535700184958	-21.4389166363648	0.4375595172695328	-26.671799635887147	-17.700040343230082	-16.231149464288812	2.301517186294517	14.838500094413757	84	669	75279123	75279876	1	14:75279123-75279207	14:75279123-75279876
14	75985840	75986059	ENST00000314067_1	219	+	75985840	75986059	0	1	219	0	ENST00000314067	219	-14.644602682492504	-14.644602682492504	0.8065205452050461	-1.6715997099876403	-22.429065517304444	-22.429065517304444	0.16179746487127292	3.68500018119812	219	2825	75985840	75988884	2	14:75985840-75986059	14:75985840-75988884
14	90397233	90397263	ENST00000356978_1	30	+	90397233	90397263	0	1	30	0	ENST00000356978	30	-18.421600544452666	-5.892433341344198	2.7495333634316923	-18.421600544452666	-19.895044113453867	-18.773513733615484	1.064329875060582	5.326200222969055	30	2801	90397233	90400064	1	14:90397233-90397263	14:90397233-90400064
14	95535386	95535506	ENST00000331334_1	120	+	95535386	95535506	0	1	120	0	ENST00000331334	120	-11.927874995023013	-11.927874995023013	-0.23318334316524367	-5.27569990158081	-20.195548179432258	-19.284730710456266	-0.5279681406083757	3.428999900817871	120	8442	95535384	95543946	3	14:95535386-95535506	14:95535384-95543946
14	102320053	102320344	ENST00000442396_1	291	+	102320053	102320344	0	1	291	0	ENST00000442396	291	-7.611474260841448	-6.017948427548011	-0.6038075596561393	0.6242999732494354	-17.428461699801137	-16.8440709568835	-0.6777164016263084	5.651666720708211	291	5640	102320053	102325984	2	14:102320053-102320344	14:102320053-102325984
14	102593189	102593240	ENST00000262241_1	51	+	102593189	102593240	0	1	51	0	ENST00000262241	51	-5.179941138800452	-1.7017451551030665	1.6336666685802972	-2.5732000708580016	-2.1038889675228685	-1.3045926281699427	2.585074086432104		51	27	102593187	102593265	3	14:102593189-102593240	14:102593187-102593265
14	105491522	105491597	ENST00000392523_1	75	+	105491522	105491597	0	1	75	0	ENST00000392523	75	-21.994920206069946	-21.86206657032172	0.43636000687877335	-12.761100053787231	-3.783671579004204	-3.783671579004204	0.4360144991306183	20.1899001121521	75	414	105491132	105491621	3	14:105491522-105491597	14:105491132-105491621
14	24188649	24188718	ENST00000354464_1	69	-	24188649	24188718	0	1	69	0	ENST00000354464	69	-30.565739366455354	-19.79189864103345	0.7077391357093618	-18.782499593496322	-43.263727708296344	-33.735453909093685	2.066090905964798		69	11	24188638	24188718	1	14:24188649-24188718	14:24188638-24188718
14	24215862	24215916	ENST00000288087_1	54	-	24215862	24215916	0	1	54	0	ENST00000288087	54	-19.42059257047044	-19.42059257047044	-0.3124444436074959	-20.710700072844823	-19.130238803464977	-19.130238803464977	0.8330447804321771	-7.601333220799764	54	67	24215797	24215918	1	14:24215862-24215916	14:24215797-24215918
14	34461868	34462093	ENST00000298130_1	225	-	34461868	34462093	0	1	225	0	ENST00000298130	225	-16.402999995218384	-15.948866583506266	-0.037888892222609785	-1.144166641930739	-18.388270635377914	-18.0759608338546	-0.0479042151683337	7.613999843597412	225	26566	34435304	34462095	2	14:34461868-34462093	14:34435304-34462095
14	34630020	34630110	ENST00000362031_1	90	-	34630020	34630110	0	1	90	0	ENST00000362031	90	-11.238266749183337	-2.9798888709810045	1.9857000011950732	-6.447400283813477	-19.688560377919313	-19.688560377919313	2.247878767355966	-11.659700091679891	90	66	34629954	34630110	1	14:34630020-34630110	14:34629954-34630110
14	34714453	34714537	ENST00000298159_1	84	-	34714453	34714537	0	1	84	0	ENST00000298159	84	-7.363333395072892	-7.363333395072892	1.4431190554141289	0.04829984903335571	-14.840266625471287	-14.840266625471287	1.5133867715015556	6.557699930667877	84	892	34713561	34714537	2	14:34714453-34714537	14:34713561-34714537
14	36320369	36320459	ENST00000416007_1	90	-	36320369	36320459	0	1	90	0	ENST00000416007	90	-27.31253341237704	-26.79571116235521	-0.21344444669990076	-22.66840002536774	-28.73989855724764	-28.196154435157876	0.8998585893398914	-6.992199681699276	90	3557	36316812	36320459	3	14:36320369-36320459	14:36316812-36320459
14	45134333	45134348	ENST00000396062_1	15	-	45134333	45134348	0	1	15	0	ENST00000396062	15	0.36980018615722654	0.36980018615722654	2.585866638024648		-19.57284420924845	-19.1375102800629	-0.044990915653723956	0.9078333775202433	15	3533	45130800	45134348	3	14:45134333-45134348	14:45130800-45134348
14	49633058	49633286	ENST00000298292_1	228	-	49633058	49633286	0	1	228	0	ENST00000298292	228	-27.194083154201508	-23.482211241419886	0.11160088123819023	NaN	-15.135841274788895	-15.135841274788895	0.0008961207893978948	4.925000190734863	228	4903	49628155	49633286	3	14:49633058-49633286	14:49628155-49633286
14	59483686	59483806	ENST00000247194_1	120	-	59483686	59483806	0	1	120	0	ENST00000247194	120	-16.115624804298083	-16.115624804298083	0.06616666927778472	-4.527400279045105	-19.50521389940778	-19.50521389940778	0.09489926033773392	-4.012800091505051	120	4337	59479351	59483808	2	14:59483686-59483806	14:59479351-59483808
14	60648592	60648628	ENST00000645694_1	36	-	60648592	60648628	0	1	36	0	ENST00000645694	36	-22.95100039243698	-3.802000080131822	2.244027790509992	-23.58150041103363	-21.81132841643946	-20.26572624868292	1.946976919313282	5.546100044250489	36	11569	60646577	60658182	2	14:60648592-60648628	14:60646577-60658182
14	68792767	68792881	ENST00000439696_1	114	-	68792767	68792881	0	1	114	0	ENST00000439696	114	-31.524763360096696	-28.194017385181628	0.39558772058144476	-22.21736663877964	-25.00038386579013	-24.017948541933624	1.0947544482212226	3.127099859714508	114	2275	68790492	68792881	2	14:68792767-68792881	14:68790492-68792881
14	75126513	75126702	ENST00000238616_1	189	-	75126513	75126702	0	1	189	0	ENST00000238616	189	-16.07421692219814	-14.723984115771831	0.285190469841596	-3.580699986219406	-23.612000446325702	-22.218881523624823	0.31844318076438827	-0.6593333085378011	189	2290	75124223	75126702	1	14:75126513-75126702	14:75124223-75126702
14	76812593	76812761	ENST00000251089_1	168	-	76812593	76812761	0	1	168	0	ENST00000251089	168	-10.34419646859169	-10.34419646859169	0.746845239327134	0.43230013847351073	-21.13357408068072	-21.13357408068072	0.18460408216536356	-0.35914277178900583	168	2952	76809643	76812763	3	14:76812593-76812761	14:76809643-76812763
14	77707656	77707821	ENST00000216489_1	165	-	77707656	77707821	0	1	165	0	ENST00000216489	165	-18.270787824464566	-18.270787824464566	-0.13853503043457843	-6.93679986000061	-19.21964304750012	-19.13556926495648	-0.0790898982122563	0.6731428674289158	165	3179	77704477	77707821	1	14:77707656-77707821	14:77704477-77707821
14	92039379	92039544	ENST00000267622_1	165	-	92039379	92039544	0	1	165	0	ENST00000267622	165	-24.89750293673891	-17.500272820754486	0.2559393968941136	-11.801599836349487	-21.24355561764306	-21.24355561764306	0.06030234160754432	0.5409999936819077	165	6128	92033253	92039546	1	14:92039379-92039544	14:92033253-92039546
14	94129435	94129555	ENST00000238609_1	120	-	94129435	94129555	0	1	120	0	ENST00000238609	120	-15.205478556390501	-14.148974942415952	-0.9800500084840071	-11.177099734544754	-7.036203061579727	-5.868312017440796	-0.1656808519070466	-3.224111040433248	120	146	94129291	94129557	2	14:94129435-94129555	14:94129291-94129557
14	106374012	106374045	ENST00000390616_1	33	-	106374012	106374045	0	1	33	0	ENST00000390616	33	-9.258424184539102	-9.258424184539102	-8.129969665498445	-7.811000001430512	-9.699446667144274	-6.376539993286133	-5.440659992862493	-6.858888840923707	33	50	106373964	106374047	1	14:106374012-106374045	14:106373964-106374047
14	106538190	106538217	ENST00000390624_1	27	-	106538190	106538217	0	1	27	0	ENST00000390624	27	-13.060259189594674	-3.81351861026552	-8.973259296682146		-8.782052595168352	-8.782052595168352	-6.036302645298603	-1.4081999361515045	27	76	106538116	106538219	1	14:106538190-106538217	14:106538116-106538219
15	31327791	31328070	ENST00000307145_1	279	+	31327791	31328070	0	1	279	0	ENST00000307145	279	-9.538333266492813	-7.1168064400286655	1.454623649327425	3.4476000383496284	-19.354565098565168	-18.982625966572144	-0.36550709655508357	9.246999740600586	279	43941	31327789	31372009	1	15:31327791-31328070	15:31327789-31372009
15	40405971	40406154	ENST00000487418_1	183	+	40405971	40406154	0	1	183	0	ENST00000487418	183	-19.452716939783883	-19.452716939783883	-0.39348087435883417	-7.6165997922420505	-18.60917918525754	-16.595692598753192	0.03532169872749686	-0.728999987244606	183	1784	40405971	40407938	1	15:40405971-40406154	15:40405971-40407938
15	40807868	40808015	ENST00000355341_1	147	+	40807868	40808015	0	1	147	0	ENST00000355341	147	-25.825183734601858	-25.80487047591988	1.1795986514652566	-13.998800015449524	-26.024060112650872	-26.024060112650872	0.5233290324571289	-7.828999990224839	147	1103	40807868	40809118	3	15:40807868-40808015	15:40807868-40809118
15	40953814	40953844	ENST00000617768_1	30	+	40953814	40953844	0	1	30	0	ENST00000617768	30	-18.665700101852416	-18.665700101852416	2.074799973020951	-18.665700101852416	-25.84416181499746	-25.31706897242968	0.041477690453597116	-1.905714210655008	30	383	40953814	40954227	2	15:40953814-40953844	15:40953814-40954227
15	43792385	43792433	ENST00000249786_1	48	+	43792385	43792433	0	1	48	0	ENST00000249786	48	-35.51168712973595	-22.01914556324482	0.4347708348262434	-30.422799825668335	-23.46669052434231	-22.436344421178816	0.40557826880445363	-7.415100049972534	48	543	43792383	43792974	3	15:43792385-43792433	15:43792383-43792974
15	43827092	43827233	ENST00000263795_1	141	+	43827092	43827233	0	1	141	0	ENST00000263795	141	-25.762595708145106	-19.884773152252883	-0.11426240484170774	-12.431200182437896	-15.066872864160375	-15.066872864160375	-0.028187324008150157	0.09549991289774577	141	731	43827092	43827964	3	15:43827092-43827233	15:43827092-43827964
15	49170376	49170565	ENST00000560031_1	189	+	49170376	49170565	0	1	189	0	ENST00000560031	189	-30.74990480629698	-21.794449622668917	0.10944444008132137	-13.167400002479553	-13.769072666202051	-13.769072666202051	0.13988652129702497	8.71689968109131	189	44956	49156016	49201161	2	15:49170376-49170565	15:49156016-49201161
15	63042943	63043120	ENST00000403994_1	177	+	63042943	63043120	0	1	177	0	ENST00000403994	177	-16.79066076773708	-16.79066076773708	0.14820482757037887	2.620800052583218	-24.86346160861162	-19.96630244695733	0.5170363290624123	-0.05530009269714355	177	585	63042943	63043705	2	15:63042943-63043120	15:63042943-63043705
15	66704077	66704293	ENST00000288840_1	216	+	66704077	66704293	0	1	216	0	ENST00000288840	216	-20.57498625293374	-20.57498625293374	0.11236110706684282	-3.2890001058578493	-23.339057277808163	-22.97747755382603	0.8618483007354598	4.0086000800132755	216	7376	66704075	66711667	2	15:66704077-66704293	15:66704075-66711667
15	68054350	68054554	ENST00000249636_1	204	+	68054350	68054554	0	1	204	0	ENST00000249636	204	-5.502308841137325	-5.502308841137325	4.127754924490171	5.427099740505218	-18.19558900612801	-18.19558900612801	0.48627310872365287	8.258599945902825	204	31751	68054350	68086305	2	15:68054350-68054554	15:68054350-68086305
15	69453020	69453245	ENST00000260379_1	225	+	69453020	69453245	0	1	225	0	ENST00000260379	225	-14.746703113429248	-13.322942657861859	-0.33626008985278033	0.785333385070165	-16.889842824857134	-16.889842824857134	-0.5587730675339443	-5.6994997531175615	225	401	69453020	69453646	3	15:69453020-69453245	15:69453020-69453646
15	75336092	75336104	ENST00000267935_1	12	+	75336092	75336104	0	1	12	0	ENST00000267935	12	-28.341999292373657	-12.32583317781488	0.20191667353113493		-17.899044656980337	-16.390525847637182	-0.7488058914820777	3.3590001265207925	12	1957	75336092	75338061	3	15:75336092-75336104	15:75336092-75338061
15	76931985	76932219	ENST00000394885_1	234	+	76931985	76932219	0	1	234	0	ENST00000394885	234	-20.311192287275425	-13.550081244017132	1.00210257308681	-5.861099946498871	-20.869978654891888	-20.869978654891888	0.5544397135715972	-9.980899810791016	234	141	76931985	76932360	1	15:76931985-76932219	15:76931985-76932360
15	78873059	78873122	ENST00000426013_1	63	+	78873059	78873122	0	1	63	0	ENST00000426013	63	-17.50771430560521	-12.124460324408515	-1.7303650685778214	-5.788699841499328	-16.968107139837645	-16.365889171303202	-1.1932169673979975	7.251666883627574	63	5092	78873057	78878212	3	15:78873059-78873122	15:78873057-78878212
15	89576240	89576432	ENST00000268138_1	192	+	89576240	89576432	0	1	192	0	ENST00000268138	192	-17.987796775065362	-17.987796775065362	-0.14148437400338784	-11.989299982786179	-15.827102904316014	-15.357239983888219	-0.06688848984574873	5.078000068664551	192	6253	89576240	89582685	3	15:89576240-89576432	15:89576240-89582685
15	90265877	90265907	ENST00000379095_1	30	+	90265877	90265907	0	1	30	0	ENST00000379095	30	-7.404099798202514	-5.500399986902873	2.2417000223261616	-7.404099798202514	-19.906755814636785	-16.356314939463857	0.20976377998569154	-7.716800260543823	30	381	90265876	90266287	3	15:90265877-90265907	15:90265876-90266287
15	96332549	96332738	ENST00000394166_1	189	+	96332549	96332738	0	1	189	0	ENST00000394166	189	-12.29707940419515	-11.65021700786535	2.148179891997229	-1.0131999611854554	-15.75692079601847	-13.346307752151953	2.3428289759141663	0.03250011205673218	189	1339	96332547	96334075	3	15:96332549-96332738	15:96332547-96334075
15	23039153	23039396	ENST00000615383_1	243	-	23039153	23039396	0	1	243	0	ENST00000615383	243	-12.943794359119586	-9.605370442808411	-0.9606460885301907	1.1656999431550503	-19.067141016297075	-17.169966757984806	-0.18861888248864636	-0.8331999275833368	243	2002	23037152	23039397	3	15:23039153-23039396	15:23037152-23039397
15	42273227	42273254	ENST00000389834_1	27	-	42273227	42273254	0	1	27	0	ENST00000389834	27	-9.26870353644093	-9.26870353644093	1.7895555712834552		-29.10714585698662	-29.10714585698662	0.3922965314470182	-4.9531001329421995	27	1104	42272123	42273254	3	15:42273227-42273254	15:42272123-42273254
15	52788534	52788777	ENST00000305901_1	243	-	52788534	52788777	0	1	243	0	ENST00000305901	243	-28.574592836293174	-21.6455062250051	0.07429629917555478	-11.149299943447113	-21.59410821466163	-21.59410821466163	0.19320311641434565	9.151000022888184	243	30689	52757847	52788779	1	15:52788534-52788777	15:52757847-52788779
15	59372335	59372497	ENST00000288235_1	162	-	59372335	59372497	0	1	162	0	ENST00000288235	162	-12.94367898310776	-12.94367898310776	1.8778271643145952	-3.382200139760971	-20.424667485660578	-20.177347730758672	0.00681005623093468	14.100000381469727	162	99886	59272449	59372497	2	15:59372335-59372497	15:59272449-59372497
15	63157330	63157399	ENST00000330964_1	69	-	63157330	63157399	0	1	69	0	ENST00000330964	69	-24.984956651494123	-23.43024624257848	0.5385217451746913	-15.982700061798095	-21.49452309719151	-19.127330070173606	-0.12597157109306598	0.5688996259123087	69	809	63156521	63157399	2	15:63157330-63157399	15:63156521-63157399
15	64162656	64162851	ENST00000300026_1	195	-	64162656	64162851	0	1	195	0	ENST00000300026	195	-23.27181546321282	-23.27181546321282	-0.10304103065043306	-7.648299896717072	-28.127139390865526	-25.12499605528862	0.021280876460551948	-11.571999979019164	195	502	64162154	64162851	1	15:64162656-64162851	15:64162154-64162851
15	65029214	65029403	ENST00000220058_1	189	-	65029214	65029403	0	1	189	0	ENST00000220058	189	-23.45282004371522	-13.538888939079785	-0.04782539935999368	-9.52180010676384	-17.802497306140875	-17.744187587502854	-0.21780486582254951	2.405428554330553	189	2175	65027040	65029404	3	15:65029214-65029403	15:65027040-65029404
15	65286093	65286252	ENST00000649807_1	159	-	65286093	65286252	0	1	159	0	ENST00000649807	159	-18.90693987891078	-17.399473159313203	0.5654716957565514	-10.822400063276291	-15.73400645026983	-15.73400645026983	-0.12395194585342173	12.322999954223633	159	15021	65271072	65286252	1	15:65286093-65286252	15:65271072-65286252
15	66504736	66504787	ENST00000307961_1	51	-	66504736	66504787	0	1	51	0	ENST00000307961	51	-47.96954894533344	-28.084353252368814	-1.3394313906958581	-44.047333574295045	-27.98759855195034	-25.75345856804229	-0.753358803797193	-9.150199925899505	51	1207	66503529	66504787	2	15:66504736-66504787	15:66503529-66504787
15	68820484	68820697	ENST00000465139_1	213	-	68820484	68820697	0	1	213	0	ENST00000465139	213	-9.754892013547286	-7.784492893118254	4.12596244405203	-2.652199909090996	-21.611161941678386	-21.33344473728485	0.2255143510371434	8.140000343322754	213	32565	68787919	68820697	2	15:68820484-68820697	15:68787919-68820697
15	70763041	70763329	ENST00000322954_1	288	-	70763041	70763329	0	1	288	0	ENST00000322954	288	-15.859701353332234	-15.859701353332234	-0.2004618001875416	-3.5432000935077665	-18.706612871921	-18.576004933486388	0.2066626259362892	6.602499973028898	288	63381	70699660	70763329	2	15:70763041-70763329	15:70699660-70763329
15	70891732	70891843	ENST00000249861_1	111	-	70891732	70891843	0	1	111	0	ENST00000249861	111	-19.314883007659567	-14.698000155590677	0.0981531518905818	-9.350599745909372	-13.799230506308449	-13.799230506308449	0.228093621871996	3.2327999830245973	111	8824	70882908	70891843	2	15:70891732-70891843	15:70882908-70891843
15	77070738	77070891	ENST00000267970_1	153	-	77070738	77070891	0	1	153	0	ENST00000267970	153	-11.714720160961152	-9.19253750332967	-0.13397385663310296	-2.2189000844955444	-22.002559214635415	-22.002559214635415	0.22683332128979752	3.883428640663624	153	14483	77056255	77070891	1	15:77070738-77070891	15:77056255-77070891
15	80989446	80989578	ENST00000261758_1	132	-	80989446	80989578	0	1	132	0	ENST00000261758	132	-20.51674996451898	-20.51674996451898	-0.19393939371608818	-7.574400079250336	-16.616324356310574	-16.414184079125096	-0.3928081020715666	8.51200008392334	132	7264	80982182	80989578	1	15:80989446-80989578	15:80982182-80989578
15	84715835	84716024	ENST00000268220_1	189	-	84715835	84716024	0	1	189	0	ENST00000268220	189	-22.58540751000561	-20.843264691098028	0.3959470904806737	-11.675400251150132	-12.940210206836761	-12.934359547186544	-0.18751986222444522	11.595000267028809	189	24191	84691644	84716024	3	15:84715835-84716024	15:84691644-84716024
15	89750316	89750508	ENST00000300057_1	192	-	89750316	89750508	0	1	192	0	ENST00000300057	192	-17.4182903934871	-16.30894545078929	-0.6513385445456757	-7.608999975025654	-21.634213435515928	-21.634213435515928	-0.16595505961489057	-15.18960018157959	192	89	89750227	89750508	1	15:89750316-89750508	15:89750227-89750508
16	54058	54166	ENST00000293861_1	108	+	54058	54166	0	1	108	0	ENST00000293861	108	-15.151750031444761	-12.454416647553444	-0.22582406389173465	-9.598199903964996	-14.256871794999169	-12.9769128452403	-0.528088906896667	2.63400000333786	108	1292	54058	55458	2	16:54058-54166	16:54058-55458
16	668238	668316	ENST00000315082_1	78	+	668238	668316	0	1	78	0	ENST00000315082	78	-10.641091056845404	-9.952254083421495	0.2317948671630942	-3.4595556524064808	-26.306210357303684	-17.395920825631993	1.1024210653298436	-27.94669990465045	78	38	668236	668352	1	16:668238-668316	16:668236-668352
16	721436	721535	ENST00000569529_1	99	+	721436	721535	0	1	99	0	ENST00000569529	99	-15.682242262995604	-11.980313016308678	-0.33326760435503133	-8.18849987834692	-21.095000036692216	-21.095000036692216	-0.05682257532833084	-17.80133345392015	99	62	721436	721597	3	16:721436-721535	16:721436-721597
16	1984476	1984575	ENST00000248114_1	99	+	1984476	1984575	0	1	99	0	ENST00000248114	99	-15.37859361525625	-13.460124985780567	-0.12516161806839096	-2.8168890443113117	-25.416947309385264	-23.64969585862076	0.4716432753287267	-11.855099952220916	99	171	1984476	1984746	1	16:1984476-1984575	16:1984476-1984746
16	2429499	2429682	ENST00000397066_1	183	+	2429499	2429682	0	1	183	0	ENST00000397066	183	-19.875359964370727	-17.329159999688468	-0.2276557379814445	4.690249919891357	-18.48162544247057	-18.263342609956023	-0.22663307771386995	1.6676665941874187	183	1449	2429497	2431129	1	16:2429499-2429682	16:2429497-2431129
16	2682800	2683094	ENST00000301738_1	294	+	2682800	2683094	0	1	294	0	ENST00000301738	294	-16.806918476594195	-14.433529120489084	-0.004241494956857138	-2.738199996948242	-15.917590161096035	-15.712874968236056	-0.42191327131284806	6.5289998054504395	294	12840	2682800	2695934	3	16:2682800-2683094	16:2682800-2695934
16	2969842	2970064	ENST00000318782_1	222	+	2969842	2970064	0	1	222	0	ENST00000318782	222	-17.375351348237412	-14.702373828973856	1.1230900956628223	-6.93899974822998	-25.04019329490326	-22.241259295151906	0.7537553667251505	-2.642799949645996	222	1211	2969840	2971273	2	16:2969842-2970064	16:2969840-2971273
16	3024365	3024491	ENST00000326266_1	126	+	3024365	3024491	0	1	126	0	ENST00000326266	126	-28.085309698468162	-28.085309698468162	0.757896831680444	-15.831500101089478	-14.426709925987975	-13.678264159559896	-0.4631676312923796	1.7381251156330109	126	1216	3024365	3025707	3	16:3024365-3024491	16:3024365-3025707
16	3501091	3501178	ENST00000576634_1	87	+	3501091	3501178	0	1	87	0	ENST00000576634	87	-17.49500005820702	-17.49500005820702	0.12855263414645665	-12.001300144195557	-14.373121299410458	-14.373121299410458	-0.25429283053664614	3.618000030517578	87	3543	3501089	3504719	2	16:3501091-3501178	16:3501089-3504719
16	14975220	14975313	ENST00000396410_1	93	+	14975220	14975313	0	1	93	0	ENST00000396410	93	-24.641322616607912	-17.492183049519856	0.8541075168578054	-16.730700302124024	-17.511895955743476	-17.099315147978206	0.4393116717593171	9.913999557495117	93	22439	14975220	14997752	1	16:14975220-14975313	16:14975220-14997752
16	23641590	23641794	ENST00000300087_1	204	+	23641590	23641794	0	1	204	0	ENST00000300087	204	-26.782617712722104	-23.547475335352562	0.06437254402622142	-15.571000063419342	-15.451781196726884	-15.451781196726884	-0.38031657287008536	5.934499979019165	204	1160	23641590	23642954	1	16:23641590-23641794	16:23641590-23642954
16	29996391	29996541	ENST00000563197_1	150	+	29996391	29996541	0	1	150	0	ENST00000563197	150	-23.708580006361007	-23.708580006361007	0.8571678325273357	-1.317699909210205	-66.427201461792	-9.374799823760986	5.016000032424927		150	5	29996391	29996546	1	16:29996391-29996541	16:29996391-29996546
16	47461428	47461548	ENST00000323584_1	120	+	47461428	47461548	0	1	120	0	ENST00000323584	120	-28.223949941247703	-24.010333335989465	0.7001583292265423	-18.69500066637993	-22.859010030196185	-22.859010030196185	0.10504808752289466	10.795000076293945	120	35852	47461426	47497398	1	16:47461428-47461548	16:47461426-47497398
16	50066269	50066344	ENST00000299192_1	75	+	50066269	50066344	0	1	75	0	ENST00000299192	75	-22.616519927978516	-14.91454641342163	0.016573318663674095	-12.444599723815918	-27.582590980963275	-9.885000250556253	-0.26786365089091385		75	22	50066269	50066366	2	16:50066269-50066344	16:50066269-50066366
16	56608685	56608907	ENST00000245185_1	222	+	56608685	56608907	0	1	222	0	ENST00000245185	222	-26.64641900441131	-24.8615587526882	-0.6158243291675709	-17.378000032901763	-34.445314116949255	-30.327709240968836	-0.4378372094225745	-27.33046715458234	222	86	56608683	56608991	3	16:56608685-56608907	16:56608683-56608991
16	56932391	56932421	ENST00000439977_1	30	+	56932391	56932421	0	1	30	0	ENST00000439977	30	-5.65759984254837	-4.127266732851664	1.1632666471103827	-5.65759984254837	-21.999267687428	-21.81007696074028	0.05175709542173335	1.6440000534057617	30	2813	56932391	56935234	3	16:56932391-56932421	16:56932391-56935234
16	57447580	57447700	ENST00000262507_1	120	+	57447580	57447700	0	1	120	0	ENST00000262507	120	-22.23471801250409	-22.23471801250409	1.5351416688412427	-16.12559979557991	-16.88872703048811	-15.394570084830104	-0.19095128609026737	-0.7501111759079827	120	3341	57447578	57451039	2	16:57447580-57447700	16:57447578-57451039
16	67192362	67192644	ENST00000379378_1	282	+	67192362	67192644	0	1	282	0	ENST00000379378	282	-18.003436223940646	-18.003436223940646	1.2136453861570489	-4.327299904823303	-20.72124129739301	-20.485284466681808	0.6245172308147724	-7.450900053977966	282	116	67192362	67192760	1	16:67192362-67192644	16:67192362-67192760
16	69187748	69187952	ENST00000336278_1	204	+	69187748	69187952	0	1	204	0	ENST00000336278	204	-14.652808805598932	-14.175671583881565	1.146712878446376	3.1515000224113465	-15.29963667984502	-15.29963667984502	0.10338813313672109	11.281000137329102	204	57651	69187746	69245601	3	16:69187748-69187952	16:69187746-69245601
16	70347048	70347267	ENST00000302243_1	219	+	70347048	70347267	0	1	219	0	ENST00000302243	219	-21.60008213347564	-21.60008213347564	-0.06717756496324578	-13.051099898293614	-14.3028210889855	-14.3028210889855	0.006726774115012144	0.5915000438690186	219	3289	70347048	70350556	1	16:70347048-70347267	16:70347048-70350556
16	81315281	81315452	ENST00000648994_1	171	+	81315281	81315452	0	1	171	0	ENST00000648994	171	-11.658982410504107	-8.075532206317835	0.030163737073845683	-0.3973000481724739	-20.17649432932651	-19.733590518662556	-0.045346892014052044	12.609000205993652	171	38953	81315280	81354404	3	16:81315281-81315452	16:81315280-81354404
16	83808121	83808277	ENST00000433866_1	156	+	83808121	83808277	0	1	156	0	ENST00000433866	156	-13.84015384545693	-13.84015384545693	-0.06446154110838109	-0.8443000078201294	-16.481746190575077	-16.481746190575077	-0.7280099565598799	-7.487900054454803	156	402	83808121	83808679	2	16:83808121-83808277	16:83808121-83808679
16	84700111	84700252	ENST00000219473_1	141	+	84700111	84700252	0	1	141	0	ENST00000219473	141	-8.888787187794422	-5.278319163657461	1.2674751906021637	-1.560699912905693	-16.509367640605948	-16.402498093452103	-0.2685671981108791	13.944000244140625	141	33182	84700111	84733434	2	16:84700111-84700252	16:84700111-84733434
16	86511550	86511817	ENST00000262426_1	267	+	86511550	86511817	0	1	267	0	ENST00000262426	267	-20.52478823337485	-20.52478823337485	-0.6730267146721355	-5.5523000210523605	-27.496831848169677	-26.25335306913296	-0.519994590214892	-9.581199979782104	267	1109	86511548	86512924	2	16:86511550-86511817	16:86511548-86512924
16	89721847	89722087	ENST00000443381_1	240	+	89721847	89722087	0	1	240	0	ENST00000443381	240	-12.78461248613894	-12.78461248613894	-1.027394953809929	-6.102799823880195	-17.879207890282878	-12.379786014955403	-0.7834344833125843	1.9227142674582345	240	445	89721845	89722530	2	16:89721847-89722087	16:89721845-89722530
16	635846	636092	ENST00000301686_1	246	-	635846	636092	0	1	246	0	ENST00000301686	246	-12.220758037241898	-12.220758037241898	-0.375846472068369	3.72700007046972	-24.46424663883366	-19.899219277786884	0.3151232838401035	-14.967500138282777	246	73	635774	636093	3	16:635846-636092	16:635774-636093
16	1771435	1771486	ENST00000219302_1	51	-	1771435	1771486	0	1	51	0	ENST00000219302	51	-23.096941190607406	-16.768529232810526	-0.7463725596374157	-22.205599975585937	-13.351703621723034	-13.351703621723034	0.33948148428289976		51	27	1771410	1771488	2	16:1771435-1771486	16:1771410-1771488
16	1772699	1772798	ENST00000397375_1	99	-	1772699	1772798	0	1	99	0	ENST00000397375	99	-17.322999793471713	-17.029020089693745	-0.4520202043532121	-2.262800019979477	-24.54394358621453	-17.882830441841538	0.5199999915378801	-18.531000202894212	99	53	1772646	1772798	3	16:1772699-1772798	16:1772646-1772798
16	1826502	1826709	ENST00000397356_1	207	-	1826502	1826709	0	1	207	0	ENST00000397356	207	-14.815636899901452	-8.595333387089127	-0.5704347839441762	1.4534000158309937	-12.98574456975348	-11.77275163121166	-0.3901047562352734	5.698999881744385	207	3467	1823037	1826711	1	16:1826502-1826709	16:1823037-1826711
16	2214075	2214135	ENST00000333503_1	60	-	2214075	2214135	0	1	60	0	ENST00000333503	60	-6.6634666909774145	-6.6634666909774145	1.3614500053692609	-4.6908667167027795	-8.701583410302797	-8.586208254098892	3.678083353986343		60	24	2214053	2214137	1	16:2214075-2214135	16:2214053-2214137
16	2251455	2251512	ENST00000301729_1	57	-	2251455	2251512	0	1	57	0	ENST00000301729	57	-14.326736916052667	-14.326736916052667	-1.022614033141157	-8.578800116976103	-21.636249474116735	-17.39667842430728	0.2151428434798228		57	28	2251429	2251514	1	16:2251455-2251512	16:2251429-2251514
16	3717190	3717418	ENST00000246957_1	228	-	3717190	3717418	0	1	228	0	ENST00000246957	228	-16.433072329863258	-16.031740180855873	-0.5695350844420191	2.740333398183187	-11.236869085388077	-11.236869085388077	-0.5401388126841419	15.22599983215332	228	26207	3690985	3717420	2	16:3717190-3717418	16:3690985-3717420
16	4350985	4351231	ENST00000318059_1	246	-	4350985	4351231	0	1	246	0	ENST00000318059	246	-23.494506306854294	-20.931127591204252	-0.3915691031597373	-5.2613002330064775	-18.313429047726625	-17.32560304043394	-0.3657454073854725	6.2769999504089355	246	7694	4343291	4351231	2	16:4350985-4351231	16:4343291-4351231
16	5097541	5097643	ENST00000427587_1	102	-	5097541	5097643	0	1	102	0	ENST00000427587	102	-15.175147130208856	-15.0134315701092	-0.35706862171783166	-7.822099959850311	-19.139561609588544	-19.139561609588544	-0.1486862362327985	-2.257200187444687	102	2027	5095514	5097643	2	16:5097541-5097643	16:5095514-5097643
16	8797425	8797611	ENST00000333050_1	186	-	8797425	8797611	0	1	186	0	ENST00000333050	186	-33.106510801981855	-28.278758158126184	-0.5468913012022234	-14.789299893379212	-24.844360676565994	-23.48902400690489	-0.2331274507701963	-9.761199879646302	186	835	8796590	8797611	1	16:8797425-8797611	16:8796590-8797611
16	11915255	11915366	ENST00000434724_1	111	-	11915255	11915366	0	1	111	0	ENST00000434724	111	-12.42508113604492	-11.319207174552453	0.20672973737053507	-5.885099988384172	-18.4378646996802	-18.172458346293432	-0.048048615359147326	4.723999977111816	111	17222	11898035	11915368	3	16:11915255-11915366	16:11898035-11915368
16	14630047	14630104	ENST00000437198_1	57	-	14630047	14630104	0	1	57	0	ENST00000437198	57	-22.22047365339179	-10.647947561322598	1.424912264096763	-21.53360002040863	-28.50937867307663	-27.701605240821838	0.33548266797388593	-17.686499738693236	57	375	14629674	14630106	2	16:14630047-14630104	16:14629674-14630106
16	18925855	18925948	ENST00000446231_1	93	-	18925855	18925948	0	1	93	0	ENST00000446231	93	-4.174548335133061	-4.174548335133061	2.8857741844589992	2.9340001180768014	-18.438454311717724	-18.328582805781824	0.08736550535259925	24.641000747680664	93	28900	18896956	18925949	2	16:18925855-18925948	16:18896956-18925949
16	20806373	20806406	ENST00000357967_1	33	-	20806373	20806406	0	1	33	0	ENST00000357967	33	-28.099636605291657	-28.099636605291657	-0.8033333302221515	-29.630833570162455	-14.750765377009982	-14.750765377009982	-0.11335197362839414	5.802999973297119	33	2704	20803670	20806407	3	16:20806373-20806406	16:20803670-20806407
16	23595978	23596122	ENST00000007516_1	144	-	23595978	23596122	0	1	144	0	ENST00000007516	144	-21.571284637269045	-13.716666699076692	0.5609791622846387	-10.87379984855652	-15.83528952168099	-15.343561831014906	-0.290533372332585	12.267000198364258	144	8659	23587319	23596122	1	16:23595978-23596122	16:23587319-23596122
16	29499224	29499323	ENST00000617311_1	99	-	29499224	29499323	0	1	99	0	ENST00000617311	99	-6.109211162394947	-2.6952333245012494	-2.5691212005819186	-3.655766725540161	-5.011505560949445	-5.011505560949445	-1.3629832998731009	4.866000175476074	99	9766	29495607	29505472	3	16:29499224-29499323	16:29495607-29505472
16	29862752	29862812	ENST00000219789_1	60	-	29862752	29862812	0	1	60	0	ENST00000219789	60	-19.071883257230123	-13.083316652973492	0.47413332502668104	-10.308533430099487	-28.65141205927905	-19.785646929460412	1.6409411606762339	-29.52010033130646	60	34	29862720	29862814	3	16:29862752-29862812	16:29862720-29862814
16	30557846	30557984	ENST00000395091_1	138	-	30557846	30557984	0	1	138	0	ENST00000395091	138	-25.30202891126923	-19.987760844114035	-0.4121029402868932	-17.17269982099533	-18.717999935150146	1.1579999923706055	5.285999894142151		138	2	30557846	30557986	3	16:30557846-30557984	16:30557846-30557986
16	30761409	30761544	ENST00000543610_1	135	-	30761409	30761544	0	1	135	0	ENST00000543610	135	-23.194970445279722	-21.74127407250581	0.32249629556166903	-14.895300261179607	-31.355216652154922	-23.46415000905593	0.4377111126927452	-13.323700046539306	135	180	30761229	30761544	1	16:30761409-30761544	16:30761229-30761544
16	48609555	48609774	ENST00000262384_1	219	-	48609555	48609774	0	1	219	0	ENST00000262384	219	-14.054223760494699	-11.524470241102454	-0.017077620719563744	-4.1712000370025635	-15.14703635305096	-14.915132957263621	-0.015518851271195186	12.498000144958496	219	47111	48562444	48609774	1	16:48609555-48609774	16:48562444-48609774
16	66696297	66696339	ENST00000394106_1	42	-	66696297	66696339	0	1	42	0	ENST00000394106	42	-4.369857089860099	-4.369857089860099	3.8745476188404218	-1.404566725095113	-15.168303532416125	-15.123667517917003	-0.03992936236156496	7.702000141143799	42	59716	66636581	66696339	1	16:66696297-66696339	16:66636581-66696339
16	67660064	67660121	ENST00000620761_1	57	-	67660064	67660121	0	1	57	0	ENST00000620761	57	-23.159964906019077	-23.159964906019077	0.37438597677177504	-21.092466878890992	-27.636356685842788	-27.422071843275003	1.5306428508566958		57	28	67660036	67660121	3	16:67660064-67660121	16:67660036-67660121
16	69329769	69329994	ENST00000288022_1	225	-	69329769	69329994	0	1	225	0	ENST00000288022	225	-27.98547114478217	-27.98547114478217	-0.6230666676805251	-12.773999953269959	-23.56546653533677	-22.519276253252865	0.004091215674290308	-9.664428353309631	225	592	69329179	69329996	1	16:69329769-69329994	16:69329179-69329996
16	74606356	74606656	ENST00000422840_1	300	-	74606356	74606656	0	1	300	0	ENST00000422840	300	-17.642119942307474	-17.36280330384771	1.4085366724578974	-2.2522000074386597	-15.477848041848338	-15.201429449129124	-0.05354312877472901	16.07200050354004	300	74203	74532153	74606656	2	16:74606356-74606656	16:74532153-74606656
16	82170109	82170124	ENST00000258169_1	15	-	82170109	82170124	0	1	15	0	ENST00000258169	15	-27.36340024769306	-7.460666592915853	1.3711333227654299		-15.138174910915053	-15.138174910915053	-0.33005692703984435	10.527000427246094	15	5915	82164194	82170124	2	16:82170109-82170124	16:82164194-82170124
16	87868756	87868882	ENST00000261622_1	126	-	87868756	87868882	0	1	126	0	ENST00000261622	126	-15.27502498626709	-15.27502498626709	-0.423071424816809	-5.46859986782074	-14.143339934293868	-13.85854172213611	-0.6453186882275604	9.722000122070312	126	16909	87851849	87868884	2	16:87868756-87868882	16:87851849-87868884
16	88856646	88856757	ENST00000268695_1	111	-	88856646	88856757	0	1	111	0	ENST00000268695	111	-4.865242477591065	-4.865242477591065	-1.0699819826965664	0.5216250102967024	-8.642762394228761	-7.669753799576373	-0.42341016463213743	10.005000114440918	111	13817	88842829	88856757	1	16:88856646-88856757	16:88842829-88856757
17	4731576	4731639	ENST00000293777_1	63	+	4731576	4731639	0	1	63	0	ENST00000293777	63	-26.972904873745783	-18.469682481553818	-0.25541269385980236	-16.16480023562908	-24.333159380200982	-24.333159380200982	-0.07509420419354802	-10.763499987125396	63	138	4731574	4731775	1	17:4731576-4731639	17:4731574-4731775
17	7252598	7252727	ENST00000396628_1	129	+	7252598	7252727	0	1	129	0	ENST00000396628	129	-25.534536582667652	-24.88670084007785	-0.03556588995306529	-4.710875019431114	-30.210113819349896	-30.210113819349896	0.47068180867724796	-18.62560016512871	129	44	7252596	7252769	3	17:7252598-7252727	17:7252596-7252769
17	7484857	7484995	ENST00000674977_1	138	+	7484857	7484995	0	1	138	0	ENST00000674977	138	-20.957347615257554	-20.957347615257554	0.47288405836519337	-7.432599997520446	-16.161546335727095	-15.894583377160684	-0.2283110237895928	8.442000389099121	138	10945	7484857	7495940	2	17:7484857-7484995	17:7484857-7495940
17	17042971	17043199	ENST00000651222_1	228	+	17042971	17043199	0	1	228	0	ENST00000651222	228	-8.600697401224783	-8.600697401224783	1.6547192894678007	5.047899937629699	-19.844713673476605	-19.844713673476605	-0.07025409078103363	7.541999816894531	228	32510	17042971	17075709	2	17:17042971-17043199	17:17042971-17075709
17	18039902	18040085	ENST00000268719_1	183	+	18039902	18040085	0	1	183	0	ENST00000268719	183	-9.06036058898832	-4.218295057350006	2.0394644820757333	3.585599970817566	-24.753234687474837	-24.66589412550347	0.14740095278676604	-3.832142915044512	183	5061	18039902	18045146	3	17:18039902-18040085	17:18039902-18045146
17	28319365	28319398	ENST00000226230_1	33	+	28319365	28319398	0	1	33	0	ENST00000226230	33	-23.33527229048989	-3.508697097951716	1.3874193333660163	-20.625399708747864	-19.395756312015248	-19.395756312015248	-0.03800468012159661	7.99399995803833	33	6104	28319365	28325502	2	17:28319365-28319398	17:28319365-28325502
17	28744256	28744541	ENST00000262395_1	285	+	28744256	28744541	0	1	285	0	ENST00000262395	285	-16.742357901522986	-16.742357901522986	0.8559017535727961	-2.2309998631477357	-22.030508197762032	-19.850726049877203	1.002116767179833	0.26319998502731323	285	2672	28744255	28747212	3	17:28744256-28744541	17:28744255-28747212
17	30971445	30971568	ENST00000328381_1	123	+	30971445	30971568	0	1	123	0	ENST00000328381	123	-19.717365934717947	-13.890935079807916	-0.8582926749032203	-13.801400010287761	-10.679048871291293	-10.679048871291293	-0.33424037748822855	3.3389999866485596	123	13048	30971445	30984616	1	17:30971445-30971568	17:30971445-30984616
17	31937522	31937627	ENST00000322652_1	105	+	31937522	31937627	0	1	105	0	ENST00000322652	105	-25.92622831208365	-11.479323828788031	1.4468571503922267	-18.390900206565856	-24.717648006761443	-23.421345177005694	0.5861552630526651	0.25699999928474426	105	2660	31937520	31940285	3	17:31937522-31937627	17:31937520-31940285
17	36602353	36602410	ENST00000614766_1	57	+	36602353	36602410	0	1	57	0	ENST00000614766	57	-20.200420981959294	-20.200420981959294	0.7543859637358732	-14.06339979171753	-30.639748214424905	-23.65232148672734	0.8499300717343609	-18.108500146865843	57	143	36602352	36602552	2	17:36602353-36602410	17:36602352-36602552
17	38752829	38753126	ENST00000619426_1	297	+	38752829	38753126	0	1	297	0	ENST00000619426	297	-25.35426262291995	-21.451993276725716	0.676609422559991	-9.83390007019043	-26.300044059753418	-18.13560844504315	1.1688695848393051		297	23	38752829	38753149	3	17:38752829-38753126	17:38752829-38753149
17	39981192	39981483	ENST00000264639_1	291	+	39981192	39981483	0	1	291	0	ENST00000264639	291	-22.182268092773626	-22.182268092773626	0.42424398325775714	-7.630299985408783	-19.744937825987357	-19.744937825987357	-0.02258237568591097	3.655500054359436	291	2812	39981190	39984293	1	17:39981192-39981483	17:39981190-39984293
17	41689071	41689269	ENST00000469257_1	198	+	41689071	41689269	0	1	198	0	ENST00000469257	198	-24.903666778751578	-23.280075629552204	-0.034494945700068703	-12.813399879832286	-21.00241379108207	-16.164870650014457	1.4535359491361812	-2.5373999908566476	198	510	41689069	41689777	1	17:41689071-41689269	17:41689069-41689777
17	42682898	42683066	ENST00000264638_1	168	+	42682898	42683066	0	1	168	0	ENST00000264638	168	-14.635625104286841	-14.635625104286841	2.7795654722057015	-1.2735999464988708	-26.174238813122113	-26.011809360593556	0.6890978841707	-6.156625155359507	168	756	42682896	42683820	3	17:42682898-42683066	17:42682896-42683820
17	42833673	42833712	ENST00000590720_1	39	+	42833673	42833712	0	1	39	0	ENST00000590720	39	-17.41138474757855	-17.41138474757855	1.8142820527681556	-12.809500145912171	-20.59266722908394	-17.40566875446712	2.0044474496074036	-7.821199840307235	39	631	42833673	42834343	1	17:42833673-42833712	17:42833673-42834343
17	50346275	50346455	ENST00000017003_1	180	+	50346275	50346455	0	1	180	0	ENST00000017003	180	-14.44328804364649	-9.511338830408123	1.394766667821548	7.2461000204086305	-19.579377422325006	-19.579377422325006	0.010672539093233709	7.379499912261963	180	7174	50346275	50353629	3	17:50346275-50346455	17:50346275-50353629
17	50719831	50720065	ENST00000505658_1	234	+	50719831	50720065	0	1	234	0	ENST00000505658	234	-20.1909614379461	-17.12140177333584	1.3985256338233336	-0.20570006370544433	-16.37180602048833	-15.910891022650292	-0.09573300841188209	5.27049994468689	234	16894	50719831	50736959	2	17:50719831-50720065	17:50719831-50736959
17	67718088	67718382	ENST00000253247_1	294	+	67718088	67718382	0	1	294	0	ENST00000253247	294	-24.296193713968506	-24.296193713968506	-0.06566666081218289	-11.11049996316433	-21.021529281704282	-20.84243300450784	-0.481135793293831	-3.8285000801086424	294	1291	67718088	67719673	1	17:67718088-67718382	17:67718088-67719673
17	67826339	67826498	ENST00000306378_1	159	+	67826339	67826498	0	1	159	0	ENST00000306378	159	-9.389075452426695	-5.897968660360612	1.2752704372286867	-0.906000018119812	-16.071710830704482	-16.071710830704482	-0.14162910028744008	13.951000213623047	159	27443	67826337	67853939	3	17:67826339-67826498	17:67826337-67853939
17	75012872	75013046	ENST00000301585_1	174	+	75012872	75013046	0	1	174	0	ENST00000301585	174	-22.823913958437483	-14.77219558207468	0.12332183205062287	-6.247700133919716	-20.81727914080251	-19.249345657618807	-0.18069296483601122	0.2061999946832657	174	4031	75012872	75017077	3	17:75012872-75013046	17:75012872-75017077
17	75110381	75110420	ENST00000245543_1	39	+	75110381	75110420	0	1	39	0	ENST00000245543	39	-34.262615130497856	-13.572615219996525	0.408256389057407	-26.40439977645874	-17.05579539862546	-17.05579539862546	1.00822727418166	-13.139433368047078	39	44	75110379	75110462	3	17:75110381-75110420	17:75110379-75110462
17	75205794	75205836	ENST00000245544_1	42	+	75205794	75205836	0	1	42	0	ENST00000245544	42	-32.13185692684991	-30.85345224468481	0.5067857353105432	-23.387100195884706	-26.008009247667797	-23.19149140488246	-0.9293807379538735	4.245999813079834	42	2690	75205794	75208526	1	17:75205794-75205836	17:75205794-75208526
17	75516617	75516671	ENST00000333213_1	54	+	75516617	75516671	0	1	54	0	ENST00000333213	54	-18.89793322881063	-14.414422345161437	-0.313000004272908	-20.613666375478108	-23.4729598848025	-15.545946683883667	0.15842666196326416	-11.527099794149398	54	75	75516616	75516745	3	17:75516617-75516671	17:75516616-75516745
17	76265625	76265865	ENST00000327490_1	240	+	76265625	76265865	0	1	240	0	ENST00000327490	240	-8.156346629858017	-8.156346629858017	0.0893833300525633	5.666399954259395	-12.800487845409208	-8.181512181351824	1.059146334258158	-11.983533475796381	240	41	76265625	76265906	1	17:76265625-76265865	17:76265625-76265906
17	78214427	78214481	ENST00000350051_1	54	+	78214427	78214481	0	1	54	0	ENST00000350051	54	-18.505666626824272	-18.505666626824272	-0.4101851786383324	-18.34740014076233	-22.581212014129218	-16.063000031154264	-0.6566919163810183	-7.438599994033575	54	198	78214427	78214679	3	17:78214427-78214481	17:78214427-78214679
17	81684105	81684399	ENST00000329138_1	294	+	81684105	81684399	0	1	294	0	ENST00000329138	294	-16.660102087854675	-13.412312983250132	-0.3507585022028308	-9.662299716472626	-23.131495415643013	-21.214694560461027	-0.5751336663196006	-4.7811999261379245	294	1207	81684103	81685604	1	17:81684105-81684399	17:81684103-81685604
17	82051964	82052237	ENST00000578552_1	273	+	82051964	82052237	0	1	273	0	ENST00000578552	273	-3.4227927080014857	-3.4227927080014857	0.2745641044668526	6.2781665325164795	-9.3111923706689	-9.3111923706689	0.6288122527412665	8.541999995708466	273	1036	82051964	82053273	3	17:82051964-82052237	17:82051964-82053273
17	751887	752130	ENST00000319004_1	243	-	751887	752130	0	1	243	0	ENST00000319004	243	-28.079176667909074	-24.115197635727164	-0.3383539058344722	-14.558799636363982	-22.136903005902585	-22.136903005902585	-0.2229549597516104	2.2903335889180503	243	3857	748032	752132	1	17:751887-752130	17:748032-752132
17	4948178	4948262	ENST00000225655_1	84	-	4948178	4948262	0	1	84	0	ENST00000225655	84	-19.862964581165993	-14.950142974122649	1.2481428493767799	-10.44040008187294	-18.809415239346965	-17.35155605867132	2.0521212155770314	3.6971000909805296	84	1358	4946820	4948262	3	17:4948178-4948262	17:4946820-4948262
17	13017512	13017701	ENST00000338034_1	189	-	13017512	13017701	0	1	189	0	ENST00000338034	189	-23.151634882366846	-23.151634882366846	-0.5114255330693769	-10.498700165748597	-28.057683715710834	-27.471206561339145	-0.5998188792906074	-12.133499908447266	189	392	13017121	13017702	3	17:13017512-13017701	17:13017121-13017702
17	19387119	19387149	ENST00000299610_1	30	-	19387119	19387149	0	1	30	0	ENST00000299610	30	-9.66813320716222	-9.66813320716222	0.4658333426962296	-9.66813320716222	-23.03498102730218	-23.03498102730218	-0.5551245541003569	-5.608000087738037	30	281	19386838	19387149	1	17:19387119-19387149	17:19386838-19387149
17	28571427	28571460	ENST00000308360_1	33	-	28571427	28571460	0	1	33	0	ENST00000308360	33	-22.295302846214987	-20.680666984933794	-0.18751514533703978	-21.29579985141754	-26.237139530895604	-15.051103013715519	1.9377274666150908	-8.69699993431568	33	466	28570963	28571462	1	17:28571427-28571460	17:28570963-28571462
17	28717134	28717212	ENST00000395245_1	78	-	28717134	28717212	0	1	78	0	ENST00000395245	78	-14.705051350287903	-12.664576964500624	1.212833330847132	-8.994800138473511	-21.605578473848954	-17.190285759312765	0.7162071412429214	1.222499942779541	78	140	28716994	28717212	1	17:28717134-28717212	17:28716994-28717212
17	28902797	28902815	ENST00000378895_1	18	-	28902797	28902815	0	1	18	0	ENST00000378895	18	-18.18666696548462	0.632499885559082	0.7016666786124309		-8.92427365136774	-8.92427365136774	0.8744431716940281	-2.6506999492645265	18	98	28902701	28902817	3	17:28902797-28902815	17:28902701-28902817
17	35142188	35142257	ENST00000442241_1	69	-	35142188	35142257	0	1	69	0	ENST00000442241	69	-22.714043259620667	-22.714043259620667	-0.02588405286002418	-17.20740000009537	-34.47718205777082	-25.01889346043269	0.4363818232224069	-29.137900149822237	69	66	35142122	35142257	3	17:35142188-35142257	17:35142122-35142257
17	35930514	35930631	ENST00000620284_1	117	-	35930514	35930631	0	1	117	0	ENST00000620284	117	-19.931615186552715	-17.57701710605214	-0.856863239655693	-12.360599875450134	-15.980216202703682	-14.606218742585042	-0.799988419528148	-7.592100071907043	117	259	35930255	35930631	1	17:35930514-35930631	17:35930255-35930631
17	36196547	36196595	ENST00000619989_1	48	-	36196547	36196595	0	1	48	0	ENST00000619989	48	-21.08625002205372	-21.08625002205372	-1.6576250026312966	-16.700999760627745	-24.30951173526339	-23.859095781835766	-3.3717252722076174	-11.66170003414154	48	637	36195912	36196597	3	17:36196547-36196595	17:36195912-36196597
17	41527722	41527827	ENST00000361566_1	105	-	41527722	41527827	0	1	105	0	ENST00000361566	105	-17.09365724942514	-17.09365724942514	0.06788571070702303	-10.931899968534708	-17.43419081055016	-17.01586228458929	-0.3447676504246163	-1.1551249735057354	105	2449	41525273	41527827	1	17:41527722-41527827	17:41525273-41527827
17	41811315	41811453	ENST00000393928_1	138	-	41811315	41811453	0	1	138	0	ENST00000393928	138	-10.894311791744785	-10.894311791744785	-0.05902173444021331	0.650800085067749	-11.523387203293462	-11.523387203293462	0.6244838668273822	-11.719866770505906	138	31	41811284	41811453	1	17:41811315-41811453	17:41811284-41811453
17	42422479	42422626	ENST00000357037_1	147	-	42422479	42422626	0	1	147	0	ENST00000357037	147	-22.649421646988312	-21.032734679527024	0.07704082239960909	-13.286099886894226	-19.612081148719337	-19.419766476888505	0.15806409206489636	8.736999750137329	147	17091	42405388	42422626	2	17:42422479-42422626	17:42405388-42422626
17	42577605	42577650	ENST00000393795_1	45	-	42577605	42577650	0	1	45	0	ENST00000393795	45	-36.90671140882704	-20.338155651092528	-0.7500666712307268	-37.02780017852783	-25.308391057926677	-25.058500020400338	0.6508695668054988	-26.35399992465973	45	46	42577561	42577652	1	17:42577605-42577650	17:42577561-42577652
17	42798327	42798465	ENST00000328434_1	138	-	42798327	42798465	0	1	138	0	ENST00000328434	138	-22.5029857851079	-22.5029857851079	0.20786231703401636	-11.831400322914124	-22.826438312177306	-22.088925782913044	1.014234574796218	-9.974299949407577	138	162	42798167	42798467	1	17:42798327-42798465	17:42798167-42798467
17	47189055	47189145	ENST00000066544_1	90	-	47189055	47189145	0	1	90	0	ENST00000066544	90	-14.0794998480214	-5.964700027306875	3.362644449847802	-2.202900105714798	-19.4370039650965	-18.616890516970717	0.41407361760206385	2.253000020980835	90	7418	47181637	47189145	1	17:47189055-47189145	17:47181637-47189145
17	57849938	57849965	ENST00000313608_1	27	-	57849938	57849965	0	1	27	0	ENST00000313608	27	-17.126110712687176	-17.126110712687176	0.7705555550616097		-24.212843183219086	-24.212843183219086	-0.4901398837540848	-6.883333543936412	27	529	57849410	57849966	3	17:57849938-57849965	17:57849410-57849966
17	57987910	57988078	ENST00000581208_1	168	-	57987910	57988078	0	1	168	0	ENST00000581208	168	-1.394684863090515	1.128095249778458	5.920089066232721	1.9233333534664578	-19.80269298894445	-19.196048386058834	2.1227940055316727	9.812000009417535	168	4517	57983393	57988078	2	17:57987910-57988078	17:57983393-57988078
17	59155115	59155130	ENST00000330137_1	15	-	59155115	59155130	0	1	15	0	ENST00000330137	15	-4.550599813461304	-4.550599813461304	4.061733388404051		-15.491915862490433	-15.185432106754833	0.1623741756519378	13.149999618530273	15	23748	59131367	59155130	3	17:59155115-59155130	17:59131367-59155130
17	62064944	62065139	ENST00000397786_1	195	-	62064944	62065139	0	1	195	0	ENST00000397786	195	-6.406800009775907	-3.165169306825369	1.6172383421986156	0.32340007424354555	-23.552077060465223	-23.552077060465223	1.555183200982237	-0.5207999229431153	195	1643	62063301	62065139	3	17:62064944-62065139	17:62063301-62065139
17	64496206	64496404	ENST00000539111_1	198	-	64496206	64496404	0	1	198	0	ENST00000539111	198	-23.013292448308604	-17.823000063345983	0.5676464712637656	-10.603466645876567	-8.600032886570792	-8.466962044229776	-0.023596277666910023	3.687000036239624	198	3187	64493021	64496406	2	17:64496206-64496404	17:64493021-64496406
17	67366345	67366411	ENST00000356126_1	66	-	67366345	67366411	0	1	66	0	ENST00000356126	66	-12.694227222240333	-1.8773335218429565	4.442015148021958	-3.6896999061107634	-16.445987659318426	-16.445987659318426	-0.07749795234515654	12.229000091552734	66	8767	67357578	67366411	2	17:67366345-67366411	17:67357578-67366411
17	75131461	75131533	ENST00000245552_1	72	-	75131461	75131533	0	1	72	0	ENST00000245552	72	-20.185583317445385	-16.719860990842182	-0.6542777876602486	-8.854199928045272	-17.39066680106852	-17.39066680106852	-0.9119999983244472	-3.0812999069690705	72	180	75131281	75131533	2	17:75131461-75131533	17:75131281-75131533
17	75896460	75896523	ENST00000269383_1	63	-	75896460	75896523	0	1	63	0	ENST00000269383	63	-7.4444604312616685	-4.460523845184417	0.022285706045786068	-1.1241001904010772	-11.097088148875955	-10.851783958746234	-0.5403122702537614	12.84000015258789	63	3610	75892850	75896523	1	17:75896460-75896523	17:75892850-75896523
17	76726100	76726346	ENST00000397625_1	246	-	76726100	76726346	0	1	246	0	ENST00000397625	246	-16.767762489430606	-12.55702537964668	-0.13458536720429584	-5.194099974632263	-26.885619978889945	-19.862363309641275	-0.026604084550802196	-11.024900150299072	246	245	76725855	76726346	3	17:76726100-76726346	17:76725855-76726346
17	79796764	79796929	ENST00000269385_1	165	-	79796764	79796929	0	1	165	0	ENST00000269385	165	-7.121236340295185	-6.601296972596284	2.7029636304486884	2.1682999968528747	-8.87189298469041	-8.87189298469041	4.24690177408047	0.7952997624874115	165	224	79796540	79796929	2	17:79796764-79796929	17:79796540-79796929
17	80219959	80220223	ENST00000326317_1	264	-	80219959	80220223	0	1	264	0	ENST00000326317	264	-14.519980729203816	-14.519980729203816	-0.5742272707941469	-2.61179975271225	-13.856795254677452	-12.770176349833344	-0.6846081126268307	8.15999984741211	264	2769	80217192	80220225	2	17:80219959-80220223	17:80217192-80220225
17	81683621	81683690	ENST00000622299_1	69	-	81683621	81683690	0	1	69	0	ENST00000622299	69	-21.226130335227303	-16.03497101690458	-0.48249275766421057	-12.964399921894074	-14.132896669979754	-14.132896669979754	2.7923448386377303		69	29	81683594	81683692	3	17:81683621-81683690	17:81683594-81683692
17	82022756	82022825	ENST00000392359_1	69	-	82022756	82022825	0	1	69	0	ENST00000392359	69	-10.905227157202633	-10.905227157202633	-0.8639130502183369	-5.37400004863739	-11.957025963591324	-11.169429116044329	-0.7199552823998738	-1.2008001327514648	69	2847	82019909	82022825	3	17:82022756-82022825	17:82019909-82022825
17	82273147	82273303	ENST00000314028_1	156	-	82273147	82273303	0	1	156	0	ENST00000314028	156	-6.49975646707492	-6.49975646707492	-0.1338589742558841	2.035500001907349	-17.674224754942156	-17.674224754942156	-0.5255066315937266	3.408500015735626	156	7353	82265796	82273305	2	17:82273147-82273303	17:82265796-82273305
18	36130071	36130308	ENST00000358232_1	237	+	36130071	36130308	0	1	237	0	ENST00000358232	237	-24.579168819568373	-21.21460190699214	-0.31979999884600857	-6.855000346899033	-25.53490966935943	-24.51276234074889	0.11056706708952574	7.593999862670898	237	2929	36130071	36133237	1	18:36130071-36130308	18:36130071-36133237
18	36187683	36187752	ENST00000261326_1	69	+	36187683	36187752	0	1	69	0	ENST00000261326	69	-39.16117378551027	-24.848623402740646	-0.12043478588263194	-34.509899416565894	-19.44576410085581	-18.093888903676113	-0.08091659888978527	3.680000066757202	69	7506	36187681	36195256	1	18:36187683-36187752	18:36187681-36195256
18	59900237	59900390	ENST00000316660_1	153	+	59900237	59900390	0	1	153	0	ENST00000316660	153	-25.059196030392368	-19.655601487440222	-0.3308918916154653	-13.77520010471344	-27.801897366841633	-18.617384617145245	-0.03592308295460848	-27.517299747467042	153	39	59900235	59900427	3	18:59900237-59900390	18:59900235-59900427
18	62188033	62188093	ENST00000644646_1	60	+	62188033	62188093	0	1	60	0	ENST00000644646	60	-37.053799700737	-12.566683332125345	0.45869998834872	-36.317999839782715	-16.195240405134356	-16.128883465523344	0.10679505360314202	10.937999725341797	60	23061	62188031	62211152	2	18:62188033-62188093	18:62188031-62211152
18	23586037	23586286	ENST00000269228_1	249	-	23586037	23586286	0	1	249	0	ENST00000269228	249	-26.932236993408587	-21.728638510029	-0.08097590785426832	-6.053100079298019	-21.156431492084923	-21.156431492084923	-0.06727787626058707	5.14300012588501	249	12463	23573574	23586286	2	18:23586037-23586286	18:23573574-23586286
18	26546619	26546727	ENST00000580059_1	108	-	26546619	26546727	0	1	108	0	ENST00000580059	108	-15.493638753890991	-15.493638753890991	2.4657500099770173	0.9000000476837158	-23.43705242220698	-23.172208139674364	0.02731524692792004	11.107999801635742	108	45369	26501250	26546727	1	18:26546619-26546727	18:26501250-26546727
18	79988005	79988239	ENST00000269601_1	234	-	79988005	79988239	0	1	234	0	ENST00000269601	234	-12.57417106530384	-12.57417106530384	-1.1223589760454324	-0.25020002126693724	-13.295778577612486	-13.295778577612486	-0.2890569957913019	8.066500067710876	234	10304	79977701	79988239	2	18:79988005-79988239	18:79977701-79988239
19	676528	676711	ENST00000166139_1	183	+	676528	676711	0	1	183	0	ENST00000166139	183	-13.887885175767492	-12.497606418701142	1.2195519133053638	0.6662999629974365	-22.065490676734083	-21.450230826813485	0.7641709813055825	-1.1592000603675843	183	1082	676526	677791	2	19:676528-676711	19:676526-677791
19	1241991	1242276	ENST00000215375_1	285	+	1241991	1242276	0	1	285	0	ENST00000215375	285	-27.20404205816357	-19.23885266623999	-1.1839964935008698	-3.2745999813079836	-24.51174858162523	-24.51174858162523	-0.9001452552763402	-9.067400002479554	285	179	1241991	1242455	1	19:1241991-1242276	19:1241991-1242455
19	1383944	1384160	ENST00000233627_1	216	+	1383944	1384160	0	1	216	0	ENST00000233627	216	-13.93734727264382	-13.143953010229998	-0.791657409521307	-4.003300189971924	-10.59245267774041	-10.59245267774041	-0.7230506774140403	4.650000095367432	216	3652	1383942	1387810	3	19:1383944-1384160	19:1383942-1387810
19	2328775	2328940	ENST00000613503_1	165	+	2328775	2328940	0	1	165	0	ENST00000613503	165	-15.203054501116275	-14.572648165034659	0.01683636640452526	-5.348599993437529	-17.291561363337543	-15.7977761876168	-0.8641389683149168	8.594333012898764	165	5661	2328775	2334601	2	19:2328775-2328940	19:2328775-2334601
19	2785680	2785950	ENST00000307741_1	270	+	2785680	2785950	0	1	270	0	ENST00000307741	270	-22.71802230146196	-19.90166287676052	-0.05954924259012015	-4.598300051689148	-14.83109247368827	-14.3385774366331	-0.5065671670907784	2.9691249802708626	270	4472	2785678	2790420	1	19:2785680-2785950	19:2785678-2790420
19	5623394	5623652	ENST00000588852_1	258	+	5623394	5623652	0	1	258	0	ENST00000588852	258	-22.545802372832632	-21.05825197564568	-0.46529457208613845	-6.194499874114991	-21.965143062875022	-21.330109877833404	-1.0111208135196723	-1.6657999396324157	258	2752	5623394	5626404	3	19:5623394-5623652	19:5623394-5626404
19	6531303	6531456	ENST00000245817_1	153	+	6531303	6531456	0	1	153	0	ENST00000245817	153	-21.584699938297273	-17.32238757488679	-0.9761052673229164	-13.814222269588047	-12.500866264693643	-10.008497455920626	-0.9093012877283999	0.7641429049628121	153	1329	6531303	6532785	1	19:6531303-6531456	19:6531303-6532785
19	7904070	7904226	ENST00000397979_1	156	+	7904070	7904226	0	1	156	0	ENST00000397979	156	-10.303423054050654	-5.7503909954669865	2.3025448731242273	1.3881001055240632	-23.009451485553612	-21.927460666488255	0.010670528051345498	4.947700089216232	156	5530	7904068	7909754	1	19:7904070-7904226	19:7904068-7909754
19	8321569	8321611	ENST00000600659_1	42	+	8321569	8321611	0	1	42	0	ENST00000600659	42	-35.89200026435511	-29.55899972858883	0.03109523004275702	-38.08390044867993	-38.55152300271121	-24.75336368517442	0.16231817091730508	-37.28880066871643	42	44	8321569	8321655	2	19:8321569-8321611	19:8321569-8321655
19	11848930	11849038	ENST00000682736_1	108	+	11848930	11849038	0	1	108	0	ENST00000682736	108	-7.490694384608004	-4.6030556093340875	-6.966509268929561	-2.564999946951866	-6.1569483836121375	-6.1569483836121375	-1.7721078982709886	5.365499973297119	108	17166	11848930	11866204	2	19:11848930-11849038	19:11848930-11866204
19	12806802	12806940	ENST00000221486_1	138	+	12806802	12806940	0	1	138	0	ENST00000221486	138	-28.228110814756818	-23.912044472550903	-0.0834789936031614	-11.59489984512329	-27.761927324792612	-23.143898505663525	0.4690724726820338	-21.738366850217183	138	69	12806800	12807007	1	19:12806802-12806940	19:12806800-12807007
19	12938772	12938859	ENST00000316448_1	87	+	12938772	12938859	0	1	87	0	ENST00000316448	87	-24.76582750472529	-23.293322165121978	0.9949080387194609	-17.771199893951415	-27.544166688253913	-26.87921726487685	0.8427898528061105	-11.885999965667725	87	276	12938770	12939133	1	19:12938772-12938859	19:12938770-12939133
19	13795801	13795897	ENST00000590508_1	96	+	13795801	13795897	0	1	96	0	ENST00000590508	96	-16.866531252861023	-15.242602205244443	0.26988541239794966	-8.264599990844726	-15.59658622899878	-15.328321649725986	-0.06527578979172455	6.189000129699707	96	3822	13795801	13799719	2	19:13795801-13795897	19:13795801-13799719
19	14529711	14529750	ENST00000215567_1	39	+	14529711	14529750	0	1	39	0	ENST00000215567	39	-36.38092308778029	-26.3348467533405	1.0042307660556757	-34.843500185012815	-14.559236338268265	-14.559236338268265	-0.4290772739235391	9.324000358581543	39	32774	14529711	14562524	1	19:14529711-14529750	19:14529711-14562524
19	14583205	14583337	ENST00000417570_1	132	+	14583205	14583337	0	1	132	0	ENST00000417570	132	-19.574181825599887	-19.574181825599887	-0.019757575762923807	-8.122400069236756	-15.980571088336763	-15.980571088336763	1.8217619276117711		132	21	14583203	14583356	2	19:14583205-14583337	19:14583203-14583356
19	16076697	16076976	ENST00000643579_1	279	+	16076697	16076976	0	1	279	0	ENST00000643579	279	-13.845901013730646	-12.231164799395936	-0.37354512439094256	0.6941998958587646	-14.14122612801266	-13.590632850272115	0.08833147013194576	2.912833367784818	279	4043	16076697	16081019	1	19:16076697-16076976	19:16076697-16081019
19	16324998	16325055	ENST00000248071_1	57	+	16324998	16325055	0	1	57	0	ENST00000248071	57	-3.7889999339455054	-3.7889999339455054	1.198807017322172	-2.39329993724823	-10.855750016495586	-7.7698000243864955	-0.011370629580997556	-2.2485999584198	57	160	16324998	16325215	1	19:16324998-16325055	19:16324998-16325215
19	17226316	17226445	ENST00000215061_1	129	+	17226316	17226445	0	1	129	0	ENST00000215061	129	-26.64918628802826	-24.19591468953809	-0.36774418803379516	-17.519600027054548	-21.317917067727606	-19.882028703318266	-0.41138056314999033	-10.023399925231933	129	247	17226316	17226692	2	19:17226316-17226445	19:17226316-17226692
19	17337665	17337737	ENST00000324894_1	72	+	17337665	17337737	0	1	72	0	ENST00000324894	72	-34.4366247455279	-18.902208413763827	0.23819444367998382	-23.004499864578246	-22.02353140568821	-21.37905909154028	-0.18581180922717982	-10.757900190353393	72	271	17337664	17338007	3	19:17337665-17337737	19:17337664-17338007
19	19321135	19321360	ENST00000262815_1	225	+	19321135	19321360	0	1	225	0	ENST00000262815	225	-23.082759931385517	-16.41906668994162	0.38832444557713136	-5.324599751085043	-15.460795541896273	-15.460795541896273	-0.3442635322664931	5.307499915361404	225	14357	19321135	19335717	2	19:19321135-19321360	19:19321135-19335717
19	19865999	19866170	ENST00000589717_1	171	+	19865999	19866170	0	1	171	0	ENST00000589717	171	NaN	NaN	-3.0555672594809042	NaN	-7.007852851248839	-3.688499999543031	-3.1143963092721942	NaN	171	12310	19865999	19878480	3	19:19865999-19866170	19:19865999-19878480
19	19901091	19901265	ENST00000343769_1	174	+	19901091	19901265	0	1	174	0	ENST00000343769	174	NaN	NaN	-3.865902286386867	NaN	-8.318101166714248	-6.8297396571259705	-3.531633278422728	NaN	174	14014	19901091	19915279	1	19:19901091-19901265	19:19901091-19915279
19	20776450	20776750	ENST00000344519_1	300	+	20776450	20776750	0	1	300	0	ENST00000344519	300	NaN	NaN	-2.382453334372646	NaN	-7.010214280549969	-5.68197141630309	-3.4472735538031176	NaN	300	15761	20776450	20792511	2	19:20776450-20776750	19:20776450-20792511
19	20923403	20923682	ENST00000328178_1	279	+	20923403	20923682	0	1	279	0	ENST00000328178	279	-4.265771741290456	-4.265771741290456	-3.5189964144847834	1.0493999421596527	-6.707345269645477	-5.780973175676066	-3.205983947297864	7.039000034332275	279	10341	20923403	20934023	3	19:20923403-20923682	19:20923403-20934023
19	21505774	21505831	ENST00000358491_1	57	+	21505774	21505831	0	1	57	0	ENST00000358491	57	-2.398428508213588	2.272937588393688	-3.230596467329745	-0.3278333346048991	-5.374404552528038	-5.371837450329596	-2.552322278591482	4.421499848365784	57	23826	21505774	21529657	2	19:21505774-21505831	19:21505774-21529657
19	22286555	22286768	ENST00000601693_1	213	+	22286555	22286768	0	1	213	0	ENST00000601693	213	NaN	NaN	-3.6238075095609252	NaN	-5.628050858123323	-5.628050858123323	-2.545854829618706	NaN	213	16989	22286555	22303757	3	19:22286555-22286768	19:22286555-22303757
19	23117176	23117389	ENST00000597761_1	213	+	23117176	23117389	0	1	213	0	ENST00000597761	213	NaN	NaN	-3.035089203545675	NaN	-7.356591842612442	-4.5838000464439395	-1.794477667498835	NaN	213	16690	23117176	23134079	2	19:23117176-23117389	19:23117176-23134079
19	32581327	32581390	ENST00000590247_1	63	+	32581327	32581390	0	1	63	0	ENST00000590247	63	-8.553428513663155	-8.553428513663155	0.6250793748139774	-2.319199872016907	-20.276951330040724	-19.207729378374374	-0.8798059701303597	-5.411000204086304	63	804	32581327	32582194	2	19:32581327-32581390	19:32581327-32582194
19	32692674	32692767	ENST00000397061_1	93	+	32692674	32692767	0	1	93	0	ENST00000397061	93	-13.842516050463722	-13.842516050463722	-0.5757096792941773	-4.0394999898970125	-15.356191892384016	-15.174856428049155	-0.1971633682336636	6.940000057220459	93	16417	32692674	32709184	1	19:32692674-32692767	19:32692674-32709184
19	34428570	34428654	ENST00000246548_1	84	+	34428570	34428654	0	1	84	0	ENST00000246548	84	-9.655772592533719	-1.6611448362253713	1.8767023841584367	-1.729699969291687	-21.588502885589033	-18.29333662097489	-0.05006673673010683	-1.5540000200271606	84	1921	34428570	34430575	1	19:34428570-34428654	19:34428570-34430575
19	39391638	39391680	ENST00000315588_1	42	+	39391638	39391680	0	1	42	0	ENST00000315588	42	-29.909570898328507	-21.414833335649398	0.9677619137579486	-23.879399394989015	-20.51203543777893	-19.782237950191387	-0.06406241735217136	0.3018999993801117	42	783	39391638	39392463	1	19:39391638-39391680	19:39391638-39392463
19	39480961	39480988	ENST00000607714_1	27	+	39480961	39480988	0	1	27	0	ENST00000607714	27	-21.873443815443252	-21.731148234120123	1.0069600194692612		-28.737868311638767	-28.737868311638767	-0.011527090442722189	-7.161249980330467	27	894	39480961	39481882	2	19:39480961-39480988	19:39480961-39481882
19	47745784	47745970	ENST00000246802_1	186	+	47745784	47745970	0	1	186	0	ENST00000246802	186	-17.516120695862277	-17.516120695862277	-0.5983279588437008	-2.1368570583207265	-18.738219329768636	-16.118983626225084	-0.6069806515037172	2.578000068664551	186	997	47745783	47746966	2	19:47745784-47745970	19:47745783-47746966
19	48954964	48955063	ENST00000345358_1	99	+	48954964	48955063	0	1	99	0	ENST00000345358	99	-10.942787900115505	-9.506070692731877	1.2689090829455492	-4.969499921798706	-16.07215013210911	-16.07215013210911	0.9982078181979258	3.3437002196908	99	486	48954962	48955547	2	19:48954964-48955063	19:48954962-48955547
19	48965609	48965741	ENST00000331825_1	132	+	48965609	48965741	0	1	132	0	ENST00000331825	132	-24.445931564677846	-19.408908834511582	-0.2574090970905893	-15.991699838638306	-20.80100041627884	-20.80100041627884	-0.22385711715157544		132	28	48965609	48965769	3	19:48965609-48965741	19:48965609-48965769
19	48993923	48994013	ENST00000595090_1	90	+	48993923	48994013	0	1	90	0	ENST00000595090	90	-28.39556674162547	-28.39556674162547	0.2521999982509038	-16.5377005815506	-14.730348336286365	-14.280659717186305	-0.47277549523872286	7.692999839782715	90	5305	48993923	48999318	3	19:48993923-48994013	19:48993923-48999318
19	49044224	49044302	ENST00000301408_1	78	+	49044224	49044302	0	1	78	0	ENST00000301408	78	-24.326461691122788	-20.851449033197685	0.2118461492414682	-21.675899982452393	-22.19486123802018	-21.088930732414234	-0.45882116905821446	-8.966200190782548	78	274	49044224	49044576	3	19:49044224-49044302	19:49044224-49044576
19	49335609	49335657	ENST00000323906_1	48	+	49335609	49335657	0	1	48	0	ENST00000323906	48	-27.291749954223633	-6.746916866550843	1.312437502356867	-23.501700019836427	-26.404643003429687	-26.404643003429687	-0.7416428371465632	-9.796900200843812	48	56	49335609	49335713	1	19:49335609-49335657	19:49335609-49335713
19	49487644	49487743	ENST00000391857_1	99	+	49487644	49487743	0	1	99	0	ENST00000391857	99	-31.692757798866793	-26.103808051106906	-0.15525252855561597	-18.717800262570382	-19.454194626807755	-16.332926569772198	-0.6716372274262132	6.906000137329102	99	2106	49487644	49489849	2	19:49487644-49487743	19:49487644-49489849
19	52269631	52269778	ENST00000439461_1	147	+	52269631	52269778	0	1	147	0	ENST00000439461	147	-9.807836764929245	-9.807836764929245	-9.676340120445404	-5.012000036239624	-10.980405823294683	-10.980405823294683	-2.4712560893048385	5.212500095367432	147	12332	52269631	52282110	2	19:52269631-52269778	19:52269631-52282110
19	57435593	57435644	ENST00000334181_1	51	+	57435593	57435644	0	1	51	0	ENST00000334181	51	-5.944588221171323	-5.944588221171323	-4.542095245571718	-4.422599935531617	-14.779404481291056	-14.663586966901647	-3.4261425827523424	4.868000030517578	51	6240	57435593	57441884	3	19:57435593-57435644	19:57435593-57441884
19	57584389	57584434	ENST00000597850_1	45	+	57584389	57584434	0	1	45	0	ENST00000597850	45	-9.191266743342082	-9.191266743342082	-2.947911111218855	-8.87020010948181	-22.46855765136028	-22.36960141271283	-5.1479111837075635	9.928999900817871	45	5576	57584389	57590010	2	19:57584389-57584434	19:57584389-57590010
19	57850071	57850179	ENST00000339656_1	108	+	57850071	57850179	0	1	108	0	ENST00000339656	108	-7.124600049427578	-3.24045095753436	-3.0925740658616028	-0.2513999938964844	-15.890512232698649	-15.772867827114867	-3.869587227973637	4.605000019073486	108	5924	57850071	57856103	1	19:57850071-57850179	19:57850071-57856103
19	344656	344773	ENST00000264819_1	117	-	344656	344773	0	1	117	0	ENST00000264819	117	-13.91310252618586	-5.478461507039192	0.9468974388944797	-2.426199972629547	-12.73880151981385	-12.002771618733382	-0.5411444618116363	4.356000185012817	117	8483	336173	344773	2	19:344656-344773	19:336173-344773
19	2015088	2015295	ENST00000255608_1	207	-	2015088	2015295	0	1	207	0	ENST00000255608	207	-12.242227075180569	-12.242227075180569	-1.2837584499586914	-4.930900239944458	-9.545400685069533	-9.545400685069533	-0.9237844053696544	7.480000019073486	207	17626	1997463	2015296	1	19:2015088-2015295	19:1997463-2015296
19	2427344	2427413	ENST00000215570_1	69	-	2427344	2427413	0	1	69	0	ENST00000215570	69	-18.08026088838992	-17.15302908161412	0.3328985492091464	-10.047999739646912	-19.228249979019164	-3.139599883556366	2.382350005581975		69	20	2427324	2427413	3	19:2427344-2427413	19:2427324-2427413
19	3557031	3557103	ENST00000355415_1	72	-	3557031	3557103	0	1	72	0	ENST00000355415	72	-16.906069493956036	-14.447624872128168	-0.33670833334973493	-11.596499967575074	-16.56697952970735	-16.56697952970735	-0.8066293876280639	6.726666450500488	72	5839	3551194	3557105	1	19:3557031-3557103	19:3551194-3557105
19	3985269	3985377	ENST00000309311_1	108	-	3985269	3985377	0	1	108	0	ENST00000309311	108	-31.151175756145406	-28.120194418562782	-0.296018514799437	-19.87509983778	-24.08485999619619	-24.08485999619619	-0.7070616890545404	-2.098100072145462	108	919	3984350	3985377	1	19:3985269-3985377	19:3984350-3985377
19	4400269	4400323	ENST00000269886_1	54	-	4400269	4400323	0	1	54	0	ENST00000269886	54	-16.425277565088535	-9.45294439792633	0.3369074009048442	-11.863399856785934	-15.45215804318642	-15.33813784577786	-0.544251394544849	10.687000274658203	54	33275	4366994	4400323	2	19:4400269-4400323	19:4366994-4400323
19	5719646	5719703	ENST00000360614_1	57	-	5719646	5719703	0	1	57	0	ENST00000360614	57	-6.212105158128236	-6.212105158128236	0.7404385812972721	-1.0362998962402343	-15.329894659563724	-15.329894659563724	-0.29043055233536	5.2210001945495605	57	5375	5714271	5719703	3	19:5719646-5719703	19:5714271-5719703
19	8513857	8514043	ENST00000393927_1	186	-	8513857	8514043	0	1	186	0	ENST00000393927	186	-21.070301114190972	-16.63502677730335	1.2684086018131786	-2.422900000959635	-21.325800840531638	-19.880005912482737	-0.1707764478240482	-3.0611999209970238	186	516	8513341	8514043	2	19:8513857-8514043	19:8513341-8514043
19	12734180	12734312	ENST00000242784_1	132	-	12734180	12734312	0	1	132	0	ENST00000242784	132	-20.23243184794079	-11.588560589885509	2.0017045363766197	-1.5914000630378724	-17.564140184361513	-17.564140184361513	0.5234608022563773	1.6425000488758088	132	2759	12731421	12734312	3	19:12734180-12734312	19:12731421-12734312
19	12775128	12775404	ENST00000397668_1	276	-	12775128	12775404	0	1	276	0	ENST00000397668	276	-22.874275384173878	-16.672999889468368	1.9037137729473466	-8.260499918460846	-24.907467594265423	-24.907467594265423	0.7636233728008095	-0.5377999782562256	276	231	12774897	12775404	1	19:12775128-12775404	19:12774897-12775404
19	19138161	19138425	ENST00000162044_1	264	-	19138161	19138425	0	1	264	0	ENST00000162044	264	-27.3080306774669	-24.063597688215904	-0.3497729114668659	-5.162700094282627	-17.355891461204397	-17.355891461204397	-0.4267976424277142	4.896250009536743	264	3274	19134887	19138425	1	19:19138161-19138425	19:19134887-19138425
19	20039294	20039342	ENST00000397165_1	48	-	20039294	20039342	0	1	48	0	ENST00000397165	48	NaN	NaN	-3.9914999871204295	NaN	-4.380958383592467	-3.993153866667014	-3.225842112186573	NaN	48	14918	20024376	20039342	3	19:20039294-20039342	19:20024376-20039342
19	20565598	20565637	ENST00000427401_1	39	-	20565598	20565637	0	1	39	0	ENST00000427401	39	NaN	NaN	-4.050794890293708	NaN	-12.454999923706055	-1.6230000257492065	-3.280452799646686	NaN	39	11763	20553835	20565637	2	19:20565598-20565637	19:20553835-20565637
19	20661269	20661443	ENST00000601440_1	174	-	20661269	20661443	0	1	174	0	ENST00000601440	174	NaN	NaN	-3.6532069017987525	NaN	NaN	NaN	-2.6089371193954327	NaN	174	14864	20646405	20661443	3	19:20661269-20661443	19:20646405-20661443
19	21329080	21329209	ENST00000356929_1	129	-	21329080	21329209	0	1	129	0	ENST00000356929	129	-6.170603790144734	-4.546324335038662	-4.462992247800495	1.4607499986886978	-5.502464314978126	-5.502464314978126	-2.689860631328677	NaN	129	18453	21310627	21329209	2	19:21329080-21329209	19:21310627-21329209
19	23395108	23395324	ENST00000300619_1	216	-	23395108	23395324	0	1	216	0	ENST00000300619	216	NaN	NaN	-3.4684953605842397	NaN	-3.682142802647182	-3.682142802647182	-2.414792772671853	NaN	216	20344	23374764	23395324	2	19:23395108-23395324	19:23374764-23395324
19	29212803	29212902	ENST00000304863_1	99	-	29212803	29212902	0	1	99	0	ENST00000304863	99	-20.193949275546604	-16.19543435718074	-0.5916060594432621	-10.709233236312866	-27.23863140749645	-25.349009703749573	-0.31517129941403277	-5.707199954986573	99	4647	29208158	29212904	1	19:29212803-29212902	19:29208158-29212904
19	32971691	32971835	ENST00000305768_1	144	-	32971691	32971835	0	1	144	0	ENST00000305768	144	-19.964833379412692	-19.964833379412692	0.07057638954089877	-12.956199896335601	-13.945714305083827	-13.945714305083827	-0.2052866069876537	4.315999984741211	144	5225	32966466	32971835	3	19:32971691-32971835	19:32966466-32971835
19	39435769	39435847	ENST00000251453_1	78	-	39435769	39435847	0	1	78	0	ENST00000251453	78	-42.328999464328476	-31.824820772959637	-0.3385921058192923	-31.711900091171266	-30.627081958973996	-29.343343814865488	0.09183605030545446	-18.839599788188934	78	61	39435708	39435847	2	19:39435769-39435847	19:39435708-39435847
19	45781989	45782190	ENST00000291270_1	201	-	45781989	45782190	0	1	201	0	ENST00000291270	201	-25.759930261628543	-25.759930261628543	-0.22482499702251516	-14.350300168991089	-22.595577064431527	-22.595577064431527	0.45966870737804977	-1.6121000528335572	201	2122	45779869	45782192	1	19:45781989-45782190	19:45779869-45782192
19	46745995	46746148	ENST00000263280_1	153	-	46745995	46746148	0	1	153	0	ENST00000263280	153	-5.355869284788378	-3.4035686362607804	2.632071898169694	4.741300010681153	-19.470254456788453	-19.470254456788453	-0.36769981432174076	0.35770000889897346	153	7107	46738888	46746148	2	19:46745995-46746148	19:46738888-46746148
19	48618918	48619140	ENST00000549920_1	222	-	48618918	48619140	0	1	222	0	ENST00000549920	222	-31.443256841334808	-30.742229703528523	-0.30859909447849737	-11.08190006017685	-24.165678785661797	-24.165678785661797	-0.7952263071364993	0.2303000882267952	222	1041	48617877	48619140	1	19:48618918-48619140	19:48617877-48619140
19	49048646	49048724	ENST00000448456_1	78	-	49048646	49048724	0	1	78	0	ENST00000448456	78	-17.690423128696587	-16.63005139353948	0.05754688795423135	-15.798000305891037	-16.780773607918817	-16.61148163545741	-0.5424489087861093	-8.70290004014969	78	274	49048372	49048724	3	19:49048646-49048724	19:49048372-49048724
19	51366104	51366269	ENST00000309244_1	165	-	51366104	51366269	0	1	165	0	ENST00000309244	165	-18.41814540949735	-14.47769698392261	1.3286242408064108	-12.08689992427826	-12.984526775521454	-12.984526775521454	-0.42864373294135993	10.984999656677246	165	11796	51354308	51366269	3	19:51366104-51366269	19:51354308-51366269
19	54339021	54339057	ENST00000291759_1	36	-	54339021	54339057	0	1	36	0	ENST00000291759	36	-24.19497235616048	-22.692083094269037	-8.076361192597282	-25.314633560180663	-21.857352401389452	-18.829193199382107	-4.977499997884523	-10.699033347765605	36	122	54338901	54339059	1	19:54339021-54339057	19:54338901-54339059
19	57888625	57888766	ENST00000435989_1	141	-	57888625	57888766	0	1	141	0	ENST00000435989	141	-8.41846088804833	-7.993149051006804	-4.307085088645736	-2.276699975132942	-15.98824776344442	-15.209290197393823	-2.0968795055098064	4.901000022888184	141	11583	57877042	57888766	2	19:57888625-57888766	19:57877042-57888766
19	57916270	57916378	ENST00000312026_1	108	-	57916270	57916378	0	1	108	0	ENST00000312026	108	-5.753675946758853	-5.753675946758853	-5.6056574121790215	2.3964001715183256	-18.418966385049277	-18.418966385049277	-6.251693551212309	4.653000116348267	108	4081	57912189	57916378	2	19:57916270-57916378	19:57912189-57916378
2	265009	265144	ENST00000272065_1	135	+	265009	265144	0	1	135	0	ENST00000272065	135	-24.288688625229728	-24.288688625229728	-0.22378518167469236	-17.454799687862398	-18.263446660624204	-18.263446660624204	-0.4186495121120072	2.7020000219345093	135	6723	265007	271865	2	2:265009-265144	2:265007-271865
2	8682513	8682591	ENST00000396290_1	78	+	8682513	8682591	0	1	78	0	ENST00000396290	78	-13.902192290012653	-13.902192290012653	0.20471794810146093	-3.178500032424927	-23.285487834724687	-22.45024617292708	0.5367594956482253	-14.483500021696091	78	251	8682513	8682842	1	2:8682513-8682591	2:8682513-8682842
2	9207230	9207410	ENST00000281419_1	180	+	9207230	9207410	0	1	180	0	ENST00000281419	180	-7.979933313280344	-7.979933313280344	1.266500003491011	6.425999917089939	-20.409995199264824	-20.386170194556243	-0.35003180820636354	9.00950002670288	180	71906	9207230	9279316	3	2:9207230-9207410	2:9207230-9279316
2	27212467	27212485	ENST00000380171_1	18	+	27212467	27212485	0	1	18	0	ENST00000380171	18	-16.2506666580836	-7.406000150574578	3.5513888554026685		-26.16481194936289	-26.16481194936289	0.34014182488330236	-11.592699979990721	18	691	27212467	27213176	2	2:27212467-27212485	2:27212467-27213176
2	27442442	27442514	ENST00000288873_1	72	+	27442442	27442514	0	1	72	0	ENST00000288873	72	-26.825999944106393	-24.326869604380235	-0.8796461441195929	-11.642777721087137	-18.95368184916901	-18.95368184916901	0.19118866148703503	-16.38850009640058	72	66	27442440	27442578	3	2:27442442-27442514	2:27442440-27442578
2	27583142	27583160	ENST00000355467_1	18	+	27583142	27583160	0	1	18	0	ENST00000355467	18	-11.53950003782908	-1.1916667222976685	5.0100000037087336		-17.923090476625163	-17.923090476625163	1.2846881319622094	2.514099907875061	18	497	27583142	27583657	3	2:27583142-27583160	2:27583142-27583657
2	28894923	28895112	ENST00000407426_1	189	+	28894923	28895112	0	1	189	0	ENST00000407426	189	-26.066571385141405	-18.710947151852665	0.607846561604963	-4.310499882698059	-25.363595809008025	-25.246065217557398	0.18487990019810593	-0.5312856095177787	189	6874	28894923	28901986	1	2:28894923-28895112	2:28894923-28901986
2	32165903	32165924	ENST00000282587_1	21	+	32165903	32165924	0	1	21	0	ENST00000282587	21	-18.036428655896867	-18.036428655896867	1.9249523602248657		-17.941366583211607	-17.862546661708844	-0.09132832625884693	4.385000228881836	21	5362	32165903	32171286	3	2:32165903-32165924	2:32165903-32171286
2	42048838	42048922	ENST00000294964_1	84	+	42048838	42048922	0	1	84	0	ENST00000294964	84	-19.713964537850448	-13.61301167353633	0.9947738093379441	-4.5169000118970875	-21.345400675759418	-21.345400675759418	0.6046895828338811	1.5956000328063964	84	4316	42048838	42053238	2	2:42048838-42048922	2:42048838-42053238
2	65227957	65228251	ENST00000260641_1	294	+	65227957	65228251	0	1	294	0	ENST00000260641	294	-28.624947355295483	-22.884996638441763	0.034612246258437736	-5.9495999097824095	-18.027011935249476	-18.027011935249476	0.09134747439988093	3.521999955177307	294	11600	65227957	65239851	2	2:65227957-65228251	2:65227957-65239851
2	70900870	70901113	ENST00000234392_1	243	+	70900870	70901113	0	1	243	0	ENST00000234392	243	-11.912061731457527	-11.912061731457527	0.7171810717890116	-0.18419998288154601	-22.741216652971186	-22.267784982500483	-0.20304458453169696	3.9679999351501465	243	19986	70900868	70921097	2	2:70900870-70901113	2:70900868-70921097
2	72887738	72887804	ENST00000234454_1	66	+	72887738	72887804	0	1	66	0	ENST00000234454	66	-30.06368191133846	-18.58839392255653	-0.41284849533853546	-24.83150049448013	-26.90738931747332	-26.90738931747332	-0.16655968754495806	-8.468399900197983	66	511	72887736	72888313	3	2:72887738-72887804	2:72887736-72888313
2	73234384	73234516	ENST00000258091_1	132	+	73234384	73234516	0	1	132	0	ENST00000258091	132	-34.48147724026983	-27.85178764480533	0.15110606830002685	-14.836799913644791	-23.14590573649078	-21.622835462122985	0.04032878043565192	1.4887998580932618	132	5126	73234384	73239642	2	2:73234384-73234516	2:73234384-73239642
2	74554814	74554853	ENST00000233668_1	39	+	74554814	74554853	0	1	39	0	ENST00000233668	39	-19.092692255973816	-19.092692255973816	0.8945897245445312	-16.637100160121918	-21.646313195577775	-19.162215568200505	0.33608666688281424	-7.132444404893452	39	300	74554814	74555153	3	2:74554814-74554853	2:74554814-74555153
2	74958892	74959099	ENST00000483063_1	207	+	74958892	74959099	0	1	207	0	ENST00000483063	207	-26.889794042881796	-24.532144831862425	-0.5837584513763713	-4.462599682807922	-23.720722070249778	-23.720722070249778	-0.2892614127005377	-10.143000149726868	207	241	74958892	74959340	2	2:74958892-74959099	2:74958892-74959340
2	86720811	86720928	ENST00000283632_1	117	+	86720811	86720928	0	1	117	0	ENST00000283632	117	-9.857222243936526	-6.712666600550476	0.2365213663548104	1.0211428244199072	-19.537689868223456	-19.359282967771993	0.022232772503719696	7.177000045776367	117	20000	86720809	86740926	1	2:86720811-86720928	2:86720809-86740926
2	90038995	90039067	ENST00000390270_1	72	+	90038995	90039067	0	1	72	0	ENST00000390270	72	-7.901090919971466	-3.14085513315555	-4.070236105471849	0.7055000811815262	-9.081347901406495	-8.804582587791526	-6.262394215195225	-1.8933000445365906	72	115	90038993	90039180	2	2:90038995-90039067	2:90038993-90039180
2	105038227	105038335	ENST00000258455_1	108	+	105038227	105038335	0	1	108	0	ENST00000258455	108	-20.140857103892735	-20.140857103892735	-0.09032406992951615	-9.480599772930145	-19.433556715388647	-19.433556715388647	0.060490302274245636	6.97599983215332	108	10835	105038227	105049170	2	2:105038227-105038335	2:105038227-105049170
2	108719678	108719843	ENST00000283195_1	165	+	108719678	108719843	0	1	165	0	ENST00000283195	165	-14.111963614177975	-14.111963614177975	0.5870666645354394	-1.8011999011039734	-15.312420777839554	-15.312420777839554	-0.25470337470257864	5.660999774932861	165	9288	108719678	108729131	3	2:108719678-108719843	2:108719678-108729131
2	112055756	112055876	ENST00000283206_1	120	+	112055756	112055876	0	1	120	0	ENST00000283206	120	-18.965649768710136	-16.094333331038555	-0.014583335382242997	-5.389299672842026	-22.04917641744104	-21.520793275960894	-0.0878089553464855	13.161999702453613	120	4100	112055756	112059976	3	2:112055756-112055876	2:112055756-112059976
2	112482503	112482569	ENST00000233336_1	66	+	112482503	112482569	0	1	66	0	ENST00000233336	66	-9.359591142697768	-4.43392420537544	0.33516667201183736	-0.12080025672912598	-22.677246826554615	-22.277974270858735	-0.09521412930145502	5.163000106811523	66	3349	112482501	112485916	3	2:112482503-112482569	2:112482501-112485916
2	112542671	112542770	ENST00000263331_1	99	+	112542671	112542770	0	1	99	0	ENST00000263331	99	-13.404696978628635	-13.404696978628635	-0.7001717173484991	-3.1556998766958713	-14.11388586216003	-13.482895779001375	-0.23307992438093997	2.305000066757202	99	4241	112542671	112547011	3	2:112542671-112542770	2:112542671-112547011
2	130342935	130342947	ENST00000259239_1	12	+	130342935	130342947	0	1	12	0	ENST00000259239	12	-26.929499745368958	-12.05608344078064	1.3664166516003509		-25.270309537649155	-25.270309537649155	-0.2826198384412064	-9.401000218732017	12	138	130342935	130343085	1	2:130342935-130342947	2:130342935-130343085
2	134919013	134919304	ENST00000264157_1	291	+	134919013	134919304	0	1	291	0	ENST00000264157	291	-20.11498975016407	-19.358955069301054	1.3452783480048167	-6.217699921131134	-25.819002149722323	-25.819002149722323	0.46264624526621145	-3.323499917984009	291	506	134919012	134919809	2	2:134919013-134919304	2:134919012-134919809
2	152719026	152719062	ENST00000326446_1	36	+	152719026	152719062	0	1	36	0	ENST00000326446	36	-9.370916565259298	-9.370916565259298	0.13744445287415552	-7.504699850082398	-27.89899015061955	-27.17285213430987	0.09280544159970354	-13.025875240564346	36	1472	152719024	152720532	1	2:152719026-152719062	2:152719024-152720532
2	170929403	170929616	ENST00000234160_1	213	+	170929403	170929616	0	1	213	0	ENST00000234160	213	-19.280661980241117	-13.452455347132794	0.7814178398346852	-5.381899976730347	-19.86636605434401	-19.516574868964216	0.1898870402353678	8.524999618530273	213	18733	170929403	170948349	3	2:170929403-170929616	2:170929403-170948349
2	197516146	197516311	ENST00000323303_1	165	+	197516146	197516311	0	1	165	0	ENST00000323303	165	-25.186327454176816	-16.346230178529567	0.564072720812295	1.4265000075101852	-18.216635662602613	-16.8526736145599	-0.0330805010331242	2.957000255584717	165	7312	197516146	197523623	2	2:197516146-197516311	2:197516146-197523623
2	203239134	203239239	ENST00000356079_1	105	+	203239134	203239239	0	1	105	0	ENST00000356079	105	-26.300885806764875	-9.765476290384928	-0.29971428720857063	-12.092199897766113	-13.153309072913691	-12.366079149763127	-0.13667818168936663	5.070999979972839	105	6606	203239134	203245845	1	2:203239134-203239239	2:203239134-203245845
2	216498877	216498904	ENST00000491306_1	27	+	216498877	216498904	0	1	27	0	ENST00000491306	27	-17.488000048531426	-17.488000048531426	-1.608185202780145		-24.360224755752956	-24.360224755752956	-0.6901780841798738	-5.066857122949192	27	365	216498877	216499269	2	2:216498877-216498904	2:216498877-216499269
2	229922609	229922705	ENST00000283946_1	96	+	229922609	229922705	0	1	96	0	ENST00000283946	96	-16.03987520141527	-13.62740623112768	1.3618333414245474	-6.383900271356106	-13.486136853229725	-13.32113210284177	-0.25362619090408445	8.996000289916992	96	53535	229922609	229976240	3	2:229922609-229922705	2:229922609-229976240
2	231708751	231708952	ENST00000409115_1	201	+	231708751	231708952	0	1	201	0	ENST00000409115	201	-14.144970125226832	-14.144970125226832	1.070606970062609	4.011300051212311	-15.92591065866163	-15.208959501776278	0.11739044102257852	7.310999774932862	201	2395	231708751	231711347	2	2:231708751-231708952	2:231708751-231711347
2	237086042	237086081	ENST00000354371_1	39	+	237086042	237086081	0	1	39	0	ENST00000354371	39	-22.926000356674194	-18.34484606446364	0.18169230707467365	-19.148300433158873	-19.692469731671736	-19.692469731671736	-0.4923043067112529	1.7767001539468765	39	1045	237086042	237087126	3	2:237086042-237086081	2:237086042-237087126
2	263810	263981	ENST00000356150_1	171	-	263810	263981	0	1	171	0	ENST00000356150	171	-24.66447384227394	-18.697824591433097	-1.0854093609010114	-14.15229999423027	-16.756739605162473	-16.35598224902014	-0.27131904005815616	9.532999992370605	171	10697	253115	263983	3	2:263810-263981	2:253115-263983
2	27134091	27134286	ENST00000260643_1	195	-	27134091	27134286	0	1	195	0	ENST00000260643	195	-25.729015497213755	-25.729015497213755	0.2760666652678106	-16.12260014116764	-24.60872997598773	-24.60872997598773	0.12225885626007307	-5.319600112736225	195	370	27133721	27134286	1	2:27134091-27134286	2:27133721-27134286
2	27890081	27890255	ENST00000302188_1	174	-	27890081	27890255	0	1	174	0	ENST00000302188	174	-26.205931159699784	-21.835953916968972	-0.04796531998870001	-5.17940017580986	-17.327889264319694	-17.327889264319694	0.2832562831171616	8.22700023651123	174	31511	27858571	27890256	3	2:27890081-27890255	2:27858571-27890256
2	28869560	28869578	ENST00000306108_1	18	-	28869560	28869578	0	1	18	0	ENST00000306108	18	-40.619333585103355	-6.948666572570801	0.6578333311610751		-15.475194736025362	-14.103841523805233	0.052191399786062846	15.71500015258789	18	4441	28865119	28869578	3	2:28869560-28869578	2:28865119-28869578
2	38602347	38602437	ENST00000449105_1	90	-	38602347	38602437	0	1	90	0	ENST00000449105	90	-13.473788760768043	-5.98418873945872	0.9787093027343237	-10.36616647640864	-19.564437823131417	-19.084560818458215	0.1928956139931141	6.922999858856201	90	10699	38591648	38602437	1	2:38602347-38602437	2:38591648-38602437
2	47176374	47176440	ENST00000272298_1	66	-	47176374	47176440	0	1	66	0	ENST00000272298	66	-19.800636546178296	-8.778772760521282	1.5436363760240828	-9.783466708660125	-23.67748452985462	-23.67748452985462	0.4766288659280443	5.240000095963478	66	5610	47170764	47176440	1	2:47176374-47176440	2:47170764-47176440
2	55617117	55617141	ENST00000616407_1	24	-	55617117	55617141	0	1	24	0	ENST00000616407	24	-21.026291728019714	-2.591625064611435	0.13708329883714518		-23.95722376404958	-23.17061697276086	0.4582665335711586	4.4730000495910645	24	1613	55615506	55617143	1	2:55617117-55617141	2:55615506-55617143
2	61888360	61888378	ENST00000394440_1	18	-	61888360	61888378	0	1	18	0	ENST00000394440	18	-36.54783331023322	-25.611166675885517	-0.12533332531650862		-20.809274486805062	-20.809274486805062	-0.24545389102576384	2.609000086784363	18	3290	61885072	61888380	2	2:61888360-61888378	2:61885072-61888380
2	68157149	68157260	ENST00000295121_1	111	-	68157149	68157260	0	1	111	0	ENST00000295121	111	-31.623351269477123	-21.68263975994007	0.48249550079003917	-17.975300073623657	-19.837920030341195	-19.837920030341195	0.14613691598610087	3.9059998989105225	111	9582	68147567	68157260	3	2:68157149-68157260	2:68147567-68157260
2	70553491	70553725	ENST00000295400_1	234	-	70553491	70553725	0	1	234	0	ENST00000295400	234	-20.943816192511818	-17.68056396643321	0.5677307704344201	-6.860599839687348	-23.244226014839825	-23.244226014839825	0.12575809560312862	8.826000213623047	234	38581	70514912	70553727	2	2:70553491-70553725	2:70514912-70553727
2	72147390	72147630	ENST00000001146_1	240	-	72147390	72147630	0	1	240	0	ENST00000001146	240	-18.573591654747723	-18.573591654747723	1.274366661789827	-1.7420998573303224	-20.519843297462483	-19.672068058113574	1.8314117856048489	1.7737999081611633	240	3177	72144213	72147630	1	2:72147390-72147630	2:72144213-72147630
2	74421413	74421542	ENST00000684111_1	129	-	74421413	74421542	0	1	129	0	ENST00000684111	129	-16.545139377893403	-16.545139377893403	0.3117209400371612	-4.667499941587448	-15.099230439697273	-15.099230439697273	0.4321784150145061	4.802999973297119	129	5181	74416232	74421542	3	2:74421413-74421542	2:74416232-74421542
2	96207954	96208143	ENST00000337288_1	189	-	96207954	96208143	0	1	189	0	ENST00000337288	189	-24.617751418302458	-24.617751418302458	-0.24536507939562577	-12.410099935531616	-16.389141991256793	-16.389141991256793	0.006607052128836085	4.559999868273735	189	12406	96195549	96208144	1	2:96207954-96208143	2:96195549-96208144
2	97663671	97663842	ENST00000289228_1	171	-	97663671	97663842	0	1	171	0	ENST00000289228	171	-20.402941527988826	-12.83763150269525	0.1709883091984894	-6.436100044101477	-25.679336881131608	-25.679336881131608	0.08715884031687418	-9.60150012075901	171	1725	97661946	97663842	1	2:97663671-97663842	2:97661946-97663842
2	98608207	98608306	ENST00000328709_1	99	-	98608207	98608306	0	1	99	0	ENST00000328709	99	-15.46079802814156	-13.224878822914278	0.10571717041205954	-4.543700045347213	-20.836905532439026	-20.06340344726812	0.043872128410880534	-5.892699798941612	99	4016	98604191	98608306	2	2:98608207-98608306	2:98604191-98608306
2	101307937	101308126	ENST00000295317_1	189	-	101307937	101308126	0	1	189	0	ENST00000295317	189	-18.185243273222888	-18.185243273222888	-0.5170374343415752	-0.48729987144470216	-18.838713882712227	-18.496389440094283	-0.14642753459223665	9.97700023651123	189	12758	101295181	101308128	2	2:101307937-101308126	2:101295181-101308128
2	106193941	106194145	ENST00000283148_1	204	-	106193941	106194145	0	1	204	0	ENST00000283148	204	-17.896588330175362	-15.74513238032951	0.2290196065493065	1.5820000171661377	-16.60928025421096	-16.131997640017218	-0.29161922550407654	11.144000053405762	204	27860	106166083	106194147	2	2:106193941-106194145	2:106166083-106194147
2	113756220	113756367	ENST00000245680_1	147	-	113756220	113756367	0	1	147	0	ENST00000245680	147	-23.145333469319507	-12.960285782814026	-0.5336413840996101	-14.52330048084259	-27.077740715649668	-23.515375042511593	-0.21769469180182144	-8.30950003862381	147	678	113755544	113756369	1	2:113756220-113756367	2:113755544-113756369
2	118846051	118846303	ENST00000295206_1	252	-	118846051	118846303	0	1	252	0	ENST00000295206	252	-27.098309659679966	-27.098309659679966	0.1309563500902778	-14.9913001537323	-29.830196559985012	-28.23356216540291	0.621743378129857	3.3284001376479866	252	2799	118843254	118846305	2	2:118846051-118846303	2:118843254-118846305
2	121736577	121736745	ENST00000285814_1	168	-	121736577	121736745	0	1	168	0	ENST00000285814	168	-14.617583389561146	-13.86235850965077	-0.820321427943695	-4.598900175094604	-22.29204114476059	-22.29204114476059	-0.8055453473816658	-2.157800030708313	168	827	121735750	121736745	1	2:121736577-121736745	2:121735750-121736745
2	127857761	127858025	ENST00000272645_1	264	-	127857761	127858025	0	1	264	0	ENST00000272645	264	-16.658068965863563	-15.84001518018318	-0.8770643928966654	-2.736600029468536	-12.865190864457551	-12.066411298849355	-0.32131527114380737	1.5190000534057617	264	4658	127853105	127858027	3	2:127857761-127858025	2:127853105-127858027
2	183037937	183037991	ENST00000361354_1	54	-	183037937	183037991	0	1	54	0	ENST00000361354	54	-8.615166710482704	-3.2552037526060036	2.165925952054008	2.1796999096870424	-20.616303988234336	-20.53507984982168	0.5342183462660788	6.051500082015991	54	12942	183024995	183037991	3	2:183037937-183037991	2:183024995-183037991
2	190534370	190534556	ENST00000409150_1	186	-	190534370	190534556	0	1	186	0	ENST00000409150	186	-13.6658064165423	-11.008871000941081	-0.448758626370102	-4.499400019645691	-24.044614095260766	-23.328540549124817	-0.07545961011038854	0.5702999606728554	186	8994	190525378	190534558	3	2:190534370-190534556	2:190525378-190534558
2	199955203	199955392	ENST00000354611_1	189	-	199955203	199955392	0	1	189	0	ENST00000354611	189	-27.658084775089588	-27.658084775089588	-0.5140211680767289	-9.161399674415588	-14.876574483680402	-14.351881634325501	0.002313088560055499	6.744999885559082	189	6731	199948472	199955392	2	2:199955203-199955392	2:199948472-199955392
2	202238373	202238439	ENST00000392246_1	66	-	202238373	202238439	0	1	66	0	ENST00000392246	66	-29.80548499208508	-18.574469909523472	0.2104697027455338	-27.91090021133423	-15.836546208311159	-15.68214561245183	0.07022202642368339	9.145999908447266	66	23939	202214434	202238439	1	2:202238373-202238439	2:202214434-202238439
2	219253678	219253855	ENST00000248437_1	177	-	219253678	219253855	0	1	177	0	ENST00000248437	177	-30.456389741035505	-24.583762645721436	0.8529152613827737	-12.288300156593323	-21.267552426245672	-21.267552426245672	1.4147885945803385	2.474500098824501	177	1448	219252230	219253855	2	2:219253678-219253855	2:219252230-219253855
2	231464230	231464335	ENST00000322723_1	105	-	231464230	231464335	0	1	105	0	ENST00000322723	105	-13.515037853377207	-11.521457158987012	2.387342860230378	-3.0971996963024138	-23.278895031882925	-22.647529512040595	-0.26655164752174043	-0.48760027885437013	105	914	231463316	231464335	2	2:231464230-231464335	2:231463316-231464335
2	236167191	236167446	ENST00000306318_1	255	-	236167191	236167446	0	1	255	0	ENST00000306318	255	-17.85082744745647	-14.995776470385346	0.22449804329012027	-3.7893998861312865	-20.02944837776678	-18.904980114873045	0.816801590427988	-1.61829993724823	255	756	236166437	236167448	1	2:236167191-236167446	2:236166437-236167448
2	241686420	241686651	ENST00000305784_1	231	-	241686420	241686651	0	1	231	0	ENST00000305784	231	-8.660157854096932	-6.649355867558771	-1.194441554625418	-0.1567999839782715	-19.343591793127537	-15.260641850058489	-0.9307999983047553	-5.279703793702303	231	545	241685877	241686653	1	2:241686420-241686651	2:241685877-241686653
20	2652663	2652804	ENST00000329276_1	141	+	2652663	2652804	0	1	141	0	ENST00000329276	141	-22.414977211843837	-22.414977211843837	0.12804964375318895	-8.371999740600586	-35.72781069053186	-19.473054260820955	0.8041621463222278	-27.34136659105619	141	37	2652663	2652841	1	20:2652663-2652804	20:2652663-2652841
20	3209617	3209893	ENST00000380113_1	276	+	3209617	3209893	0	1	276	0	ENST00000380113	276	-29.158326104121365	-25.139047095376622	0.15189130795930605	-16.485500037670135	-19.842165670440167	-19.842165670440167	-0.11855462990556757	12.741999626159668	276	3275	3209617	3213168	2	20:3209617-3209893	20:3209617-3213168
20	6006552	6006618	ENST00000378863_1	66	+	6006552	6006618	0	1	66	0	ENST00000378863	66	-14.0420909141275	-14.0420909141275	0.48534849652964057	-6.2062997333705425	-21.775338275081722	-20.96350723901094	0.5237927177211291	3.013399934768677	66	3156	6006552	6009774	1	20:6006552-6006618	20:6006552-6009774
20	18138051	18138066	ENST00000432901_1	15	+	18138051	18138066	0	1	15	0	ENST00000432901	15	-9.458199834823608	-6.648466221491495	3.495000021656354		-20.380783699996933	-19.789321822458138	-0.026477931336797475	3.2998570927551816	15	4141	18138051	18142207	1	20:18138051-18138066	20:18138051-18142207
20	32109755	32109863	ENST00000398022_1	108	+	32109755	32109863	0	1	108	0	ENST00000398022	108	-16.39033329114318	-16.39033329114318	2.872009268634159	2.260900056362152	-17.393929002186002	-17.239328281798578	0.22309678462436017	7.525000095367432	108	23149	32109755	32133012	3	20:32109755-32109863	20:32109755-32133012
20	32358832	32358961	ENST00000375687_1	129	+	32358832	32358961	0	1	129	0	ENST00000375687	129	-5.728465212638988	-5.728465212638988	2.2036837602639174	0.34459993839263914	-23.165239592156986	-21.432741772287834	0.5525742835309435	2.5350000858306885	129	7422	32358832	32366383	2	20:32358832-32358961	20:32358832-32366383
20	34516461	34516536	ENST00000357156_1	75	+	34516461	34516536	0	1	75	0	ENST00000357156	75	-28.91404048204422	-28.91404048204422	-0.03227999910712242	-23.785600429773332	-16.523629408110455	-16.329986889864767	-0.20310138027370045	8.121999740600586	75	9731	34516461	34526267	1	20:34516461-34516536	20:34516461-34526267
20	36606065	36606173	ENST00000344795_1	108	+	36606065	36606173	0	1	108	0	ENST00000344795	108	-22.33955555036664	-22.33955555036664	0.6147962959862694	-11.827400004863739	-19.90211292487071	-19.90211292487071	0.14385976344824564	0.860857150384358	108	1541	36606065	36607714	3	20:36606065-36606173	20:36606065-36607714
20	38926925	38927054	ENST00000619850_1	129	+	38926925	38927054	0	1	129	0	ENST00000619850	129	-17.875833443232946	-12.442589302626692	0.1636440743005566	-5.229888810051812	-20.5984851663023	-19.76697799679362	-0.1951959348084403	4.9700000286102295	129	14904	38926925	38941958	3	20:38926925-38927054	20:38926925-38941958
20	41029100	41029199	ENST00000361337_1	99	+	41029100	41029199	0	1	99	0	ENST00000361337	99	-14.193387010405141	-5.904516094474382	0.6373333350774089	0.260125033557415	-15.932935117127059	-15.932935117127059	1.4181644984186341	-0.10539970397949219	99	231	41029100	41029430	3	20:41029100-41029199	20:41029100-41029430
20	44746195	44746381	ENST00000372861_1	186	+	44746195	44746381	0	1	186	0	ENST00000372861	186	-16.236163732951336	-16.236163732951336	0.15952150522723735	6.538749773055315	-21.658292270710362	-21.268295309110588	-0.04916016335039448	1.1318998962640763	186	3749	44746193	44750128	2	20:44746195-44746381	20:44746193-44750128
20	54476012	54476219	ENST00000262593_1	207	+	54476012	54476219	0	1	207	0	ENST00000262593	207	-15.617028953372568	-15.617028953372568	-0.33831401018522556	-2.759800171852112	-21.122691641557324	-21.04368262248051	-0.2930938385971611	8.645000457763672	207	78713	54476012	54554932	3	20:54476012-54476219	20:54476012-54554932
20	62805030	62805327	ENST00000290291_1	297	+	62805030	62805327	0	1	297	0	ENST00000290291	297	-11.50610412703827	-11.50610412703827	-0.9232626293377436	3.0756000220775603	-15.882627267574298	-14.654657988356432	-0.9353165765830942	1.2180000096559525	297	2209	62805030	62807536	1	20:62805030-62805327	20:62805030-62807536
20	64063384	64063513	ENST00000343484_1	129	+	64063384	64063513	0	1	129	0	ENST00000343484	129	-7.764651218472525	-6.916999913838714	2.1514496096453173	-1.5469000965356827	-19.65175452565415	-18.44432664208713	-0.23512436650899887	-1.1077499985694885	129	2962	64063384	64066475	2	20:64063384-64063513	20:64063384-64066475
20	18496996	18497068	ENST00000337227_1	72	-	18496996	18497068	0	1	72	0	ENST00000337227	72	-21.006402796341312	-18.712305479579502	-0.12254166170896497	-18.23880019187927	-28.276154120843255	-27.432645268157444	0.33276523284277776	-11.978100061416626	72	1116	18495880	18497068	2	20:18496996-18497068	20:18495880-18497068
20	21396724	21396955	ENST00000351817_1	231	-	21396724	21396955	0	1	231	0	ENST00000351817	231	-10.628602747078219	-10.050890493984909	-0.5232034604573115	-3.165999948978424	-12.698331552587057	-10.206491978211517	-0.25470984403956004	-2.336299920082092	231	193	21396533	21396957	2	20:21396724-21396955	20:21396533-21396957
20	23637442	23637619	ENST00000376925_1	177	-	23637442	23637619	0	1	177	0	ENST00000376925	177	-16.721429448343265	-12.297322012862917	-1.10090960886482	-8.322599840164184	-24.738714101267114	-22.85006446683293	-0.8773057169636622	-6.706500005722046	177	2075	23635367	23637619	2	20:23637442-23637619	20:23635367-23637619
20	33685823	33686003	ENST00000343380_1	180	-	33685823	33686003	0	1	180	0	ENST00000343380	180	-12.574522138904367	-7.814455539339947	1.6078500049292213	-2.401200032234192	-19.489971107880454	-19.427814470682982	0.2969185481584376	1.539000018965453	180	5407	33680416	33686003	3	20:33685823-33686003	20:33680416-33686003
20	34112083	34112095	ENST00000374980_1	12	-	34112083	34112095	0	1	12	0	ENST00000374980	12	-11.7092498143514	-6.753999829292297	2.628999993282681		-22.04403911960413	-21.700063014562456	0.2689725741577254	8.284000396728516	12	6538	34105545	34112095	2	20:34112083-34112095	20:34105545-34112095
20	34303069	34303240	ENST00000217426_1	171	-	34303069	34303240	0	1	171	0	ENST00000217426	171	-18.984105234192302	-18.984105234192302	0.29481286911854837	-7.480299735069275	-19.99776818149007	-19.99776818149007	-0.03190968997275437	4.414000034332275	171	7486	34295585	34303242	2	20:34303069-34303240	20:34295585-34303242
20	35411828	35411939	ENST00000374385_1	111	-	35411828	35411939	0	1	111	0	ENST00000374385	111	-29.233954858135533	-20.10402726945845	0.8965585713383851	-16.68899949789047	-15.244954628886456	-15.208162335277965	0.039337133534117025	6.244999885559082	111	17632	35394196	35411939	3	20:35411828-35411939	20:35394196-35411939
20	35699066	35699189	ENST00000374092_1	123	-	35699066	35699189	0	1	123	0	ENST00000374092	123	-29.128837310201753	-29.128837310201753	-0.33687804975713476	-16.85716683069865	-28.627246470200387	-28.627246470200387	0.15476150268583586	-11.218599796295166	123	478	35698590	35699191	3	20:35699066-35699189	20:35698590-35699191
20	62860812	62861022	ENST00000335351_1	210	-	62860812	62861022	0	1	210	0	ENST00000335351	210	-16.804342844975846	-12.884642867814927	-1.157254897871776	0.36729998588562013	-18.2726095378599	-16.19082959152345	-0.5822364696383641	-4.414200091362	210	505	62860308	62861023	1	20:62860812-62861022	20:62860308-62861023
20	63215667	63215865	ENST00000370339_1	198	-	63215667	63215865	0	1	198	0	ENST00000370339	198	-13.335803145260522	-12.324353850097992	-0.36475252760386073	3.6716999232769014	-18.168181625279512	-9.391439148873994	1.5263030233821182	-14.5416999489069	198	66	63215601	63215865	1	20:63215667-63215865	20:63215601-63215865
21	14216282	14216339	ENST00000400577_1	57	+	14216282	14216339	0	1	57	0	ENST00000400577	57	-19.401052474975586	-13.687701640552596	1.0830350983152657	-11.298500061035156	-27.992756243002543	-27.62512585971968	0.09133757293244417	-8.919500017166138	57	3223	14216282	14219562	3	21:14216282-14216339	21:14216282-14219562
21	15730438	15730675	ENST00000400183_1	237	+	15730438	15730675	0	1	237	0	ENST00000400183	237	-13.101151900012281	-9.549189745813985	0.06339662412833816	-3.5337000131607055	-20.35650778193883	-20.21019088861303	0.02284453683167454	8.095000267028809	237	32215	15730438	15762890	2	21:15730438-15730675	21:15730438-15762890
21	31659841	31660021	ENST00000270142_1	180	+	31659841	31660021	0	1	180	0	ENST00000270142	180	-13.213699984612564	-9.613777873416742	-0.13183332925084337	-7.0800999164581295	-19.576164905153586	-18.479757195180493	-0.37350531173877577	4.98199987411499	180	3768	31659841	31663789	2	21:31659841-31660021	21:31659841-31663789
21	34073745	34073802	ENST00000399312_1	57	+	34073745	34073802	0	1	57	0	ENST00000399312	57	-10.344420897333245	-5.300807054628406	1.7938947302795816	-2.0189001351594924	-19.59946657453498	-19.59946657453498	0.4732500484377131	42.3640998840332	57	51538	34073745	34125340	1	21:34073745-34073802	21:34073745-34125340
21	36320303	36320570	ENST00000400485_1	267	+	36320303	36320570	0	1	267	0	ENST00000400485	267	-10.41685398977794	-7.014044965753395	1.3991985056298168	5.049300050735473	-16.663181712452232	-15.414906183348695	-0.2703997984931206	1.8359999656677246	267	13075	36320303	36333645	3	21:36320303-36320570	21:36320303-36333645
21	42893381	42893534	ENST00000354250_1	153	+	42893381	42893534	0	1	153	0	ENST00000354250	153	-18.745833481041092	-18.745833481041092	-0.33777124272793335	-7.377285733819008	-14.270460502883136	-14.204209786020172	-0.404238556290938	4.593999862670898	153	3392	42893381	42896926	3	21:42893381-42893534	21:42893381-42896926
21	44133838	44133859	ENST00000291577_1	21	+	44133838	44133859	0	1	21	0	ENST00000291577	21	-15.745856847081866	-13.755000148500715	1.8397143366081374		-12.653542387157174	-11.804647470098235	-0.9245219354225699	1.9830000400543213	21	242	44133838	44134101	2	21:44133838-44133859	21:44133838-44134101
21	14383044	14383092	ENST00000285667_1	48	-	14383044	14383092	0	1	48	0	ENST00000285667	48	-46.88258377710978	-40.83095785727104	-0.08366666813769068	-43.65200061798096	-29.98069294420532	-29.98069294420532	0.03518687233164138	-4.616600149869919	48	1503	14381543	14383094	1	21:14383044-14383092	21:14381543-14383094
21	29073506	29073530	ENST00000286788_1	24	-	29073506	29073530	0	1	24	0	ENST00000286788	24	-23.215250320732594	-23.215250320732594	-0.17620835298051438		-19.52861227022306	-19.52861227022306	-0.3765139328958018	-2.010600024461746	24	3169	29070337	29073530	3	21:29073506-29073530	21:29070337-29073530
21	36966203	36966443	ENST00000674895_1	240	-	36966203	36966443	0	1	240	0	ENST00000674895	240	-9.108087453246117	-7.631852402984467	-0.6157833348261192	1.0490999937057495	-15.485326339521238	-15.485326339521238	-0.36728866738565213	7.791999816894531	240	4033	36962170	36966443	3	21:36966203-36966443	21:36962170-36966443
21	44801523	44801703	ENST00000345496_1	180	-	44801523	44801703	0	1	180	0	ENST00000345496	180	-12.481388894634115	-11.404027702576585	-0.7806444432780457	-3.1957999736070635	-15.733657422676382	-15.733657422676382	-0.2571842446383652	7.808000087738037	180	13430	44788095	44801705	1	21:44801523-44801703	21:44788095-44801705
22	17085229	17085511	ENST00000319363_1	282	+	17085229	17085511	0	1	282	0	ENST00000319363	282	-21.553627675359554	-16.173336916570122	-0.4167588664815722	-12.906599855422973	-14.825667618987133	-14.531374589241203	-0.21527047756351164	9.833999633789062	282	11550	17085229	17097061	2	22:17085229-17085511	22:17085229-17097061
22	18078607	18078856	ENST00000399744_1	249	+	18078607	18078856	0	1	249	0	ENST00000399744	249	-22.588195094248142	-21.501349787040013	-0.15213253679329972	-4.466555542416042	-25.676389273847803	-22.394034638367703	-0.07344969729946783	1.2091999888420104	249	1018	18078606	18079873	2	22:18078607-18078856	22:18078606-18079873
22	19480019	19480157	ENST00000263201_1	138	+	19480019	19480157	0	1	138	0	ENST00000263201	138	-28.287000122277632	-28.287000122277632	0.43332608197005873	-13.693399953842164					138	0	19480019	19480157	3	22:19480019-19480157	22:19480019-19480157
22	19723581	19723686	ENST00000366425_1	105	+	19723581	19723686	0	1	105	0	ENST00000366425	105	-25.969314359979972	-17.29112395331973	0.45586249518382826	-15.196400079876184	-23.406692231900593	-23.406692231900593	-0.0033136039597571956	-10.443699750304223	105	169	19723579	19723853	1	22:19723581-19723686	22:19723579-19723853
22	21567771	21567927	ENST00000342192_1	156	+	21567771	21567927	0	1	156	0	ENST00000342192	156	-18.74803845469768	-17.78471802155941	1.1124423107905432	-6.6444998502731325	-18.392894190479517	-17.92056118599018	-0.2769083602522951	4.946000099182129	156	24933	21567771	21592860	1	22:21567771-21567927	22:21567771-21592860
22	22031044	22031143	ENST00000390282_1	99	+	22031044	22031143	0	1	99	0	ENST00000390282	99	-6.726242418993603	-5.60017167031765	-2.533717166444268	-2.3695000290870665	-7.602809429168701	-4.455476122243064	-4.605523790099791		99	21	22031042	22031162	2	22:22031044-22031143	22:22031042-22031162
22	22697998	22698082	ENST00000390306_1	84	+	22697998	22698082	0	1	84	0	ENST00000390306	84	-15.246428685528892	-12.874357045406388	-5.173160476863016	-8.990400052070617	-12.736333110115744	-12.736333110115744	-4.70078788584832	-12.803799772262574	84	33	22697996	22698113	2	22:22697998-22698082	22:22697996-22698113
22	22758788	22758872	ENST00000390312_1	84	+	22758788	22758872	0	1	84	0	ENST00000390312	84	-9.566357176218714	-9.566357176218714	-5.678130948916078	-2.375900024175644	-14.828969812528653	-14.828969812528653	-4.641424268484116	-15.67333345587055	84	33	22758786	22758903	3	22:22758788-22758872	22:22758786-22758903
22	22792580	22792664	ENST00000390314_1	84	+	22792580	22792664	0	1	84	0	ENST00000390314	84	-14.24342860600778	-14.24342860600778	-2.9599759070180265	-7.760899898409844	-16.16212106473518	-16.16212106473518	-4.280181797997405	-17.363399839401247	84	33	22792578	22792695	3	22:22792580-22792664	22:22792578-22792695
22	22822868	22822952	ENST00000620395_1	84	+	22822868	22822952	0	1	84	0	ENST00000620395	84	-14.185642804418292	-14.094952270033813	-5.218273803946518	-9.301399755477906	-15.383193569798623	-15.383193569798623	-3.481967734112855	-15.546666685740153	84	31	22822866	22822981	3	22:22822868-22822952	22:22822866-22822981
22	28742332	28742437	ENST00000216027_1	105	+	28742332	28742437	0	1	105	0	ENST00000216027	105	-30.019142956393107	-24.6169048559098	0.027574249238956093	-22.376700037717818	-18.304385344226375	-18.304385344226375	-0.1570715293123007	4.31600006421407	105	1445	28742331	28743881	2	22:28742332-28742437	22:28742331-28743881
22	31944820	31945099	ENST00000248975_1	279	+	31944820	31945099	0	1	279	0	ENST00000248975	279	-12.643543510171382	-9.956692138011904	0.5629964134356301	-0.47540011405944826	-21.36950168088377	-21.36950168088377	0.14222823748703445	4.186999797821045	279	11039	31944820	31956138	2	22:31944820-31945099	22:31944820-31956138
22	37675711	37675801	ENST00000215909_1	90	+	37675711	37675801	0	1	90	0	ENST00000215909	90	-26.966500063737232	-23.174688892728753	0.902933338832938	-16.957899951934813	-23.829146879624474	-22.227269413125878	0.2922905399534864	-1.0046000242233277	90	1184	37675711	37676985	2	22:37675711-37675801	22:37675711-37676985
22	38706147	38706177	ENST00000216044_1	30	+	38706147	38706177	0	1	30	0	ENST00000216044	30	-4.253599989414215	-4.253599989414215	3.2631666598220668	-4.253599989414215	-23.12788289916274	-21.25720068039733	0.7055414308633908	-1.555000102519989	30	2667	38706147	38708844	1	22:38706147-38706177	22:38706147-38708844
22	41469182	41469347	ENST00000216254_1	165	+	41469182	41469347	0	1	165	0	ENST00000216254	165	-17.05689090598713	-17.05689090598713	1.4847212061793966	-6.8585000872612	-15.234264843821718	-15.042094767739634	-0.1904966777335343	10.611000061035156	165	30378	41469182	41499725	3	22:41469182-41469347	22:41469182-41499725
22	42079954	42079990	ENST00000331479_1	36	+	42079954	42079990	0	1	36	0	ENST00000331479	36	-25.837999840577442	-11.991055332952076	3.7686388972732754	-19.307199692726137	-20.63491067240149	-20.63491067240149	-0.025109959278628618	4.355000019073486	36	1934	42079954	42081924	2	22:42079954-42079990	22:42079954-42081924
22	44024453	44024618	ENST00000338758_1	165	+	44024453	44024618	0	1	165	0	ENST00000338758	165	-10.80740739363763	-9.038806067813526	-0.729024248669686	-1.6596000075340271	-15.103066616914235	-14.87451776866378	-0.7080562173153552	13.524999618530273	165	69311	44024451	44093927	3	22:44024453-44024618	22:44024451-44093927
22	50201591	50201852	ENST00000380903_1	261	+	50201591	50201852	0	1	261	0	ENST00000380903	261	-13.72406904776206	-10.36956328701699	-0.9389496184037204	0.6629998505115509	-11.41838790665227	-11.41838790665227	-0.45484419936029363	8.482999801635742	261	4465	50201590	50206316	3	22:50201591-50201852	22:50201590-50206316
22	17158942	17159125	ENST00000336737_1	183	-	17158942	17159125	0	1	183	0	ENST00000336737	183	-20.867333235962143	-13.444754109030864	-0.44863388092445383	-10.237833434343338	-12.991155219293676	-12.939748483086605	-0.2898963136682036	5.61299991607666	183	15280	17149745	17165208	2	22:17158942-17159125	22:17149745-17165208
22	19144421	19144505	ENST00000252137_1	84	-	19144421	19144505	0	1	84	0	ENST00000252137	84	-40.714179201716824	-25.430583655834198	0.057952376548200846	-27.5194005753845	-19.20132508369282	-19.20132508369282	-0.3045792692684162	4.573999881744385	84	1527	19142894	19144505	3	22:19144421-19144505	22:19142894-19144505
22	19447589	19447664	ENST00000399562_1	75	-	19447589	19447664	0	1	75	0	ENST00000399562	75	-23.159333397944767	-23.159333397944767	-0.7985333367188772	-14.688000149197048	-32.6930682842027	-18.89568209106272	-0.0562954482791776	-23.09690022468567	75	44	19447545	19447664	3	22:19447589-19447664	22:19447545-19447664
22	21001758	21001830	ENST00000215742_1	72	-	21001758	21001830	0	1	72	0	ENST00000215742	72	-21.39923620555136	-12.54504152139028	0.8160555451953163	-10.331400036811829	-24.80913224182595	-24.80913224182595	-0.12520689535190233	-6.162500047683716	72	348	21001411	21001831	1	22:21001758-21001830	22:21001411-21001831
22	23838795	23838894	ENST00000318109_1	99	-	23838795	23838894	0	1	99	0	ENST00000318109	99	-30.123010236807545	-23.72096941687844	0.24829293710809916	-16.769099736213683	-36.500474302392256	-20.822000654120195	1.6133684061075513		99	19	23838776	23838894	1	22:23838795-23838894	22:23838776-23838894
22	37843629	37843908	ENST00000215941_1	279	-	37843629	37843908	0	1	279	0	ENST00000215941	279	-19.365085978141074	-14.094670118610491	-0.27921863960804866	-1.0715999156236649	-16.361204839569616	-16.361204839569616	-0.6526011318564434	6.205999851226807	279	3397	37840234	37843910	1	22:37843629-37843908	22:37840234-37843910
22	38842985	38843234	ENST00000333039_1	249	-	38842985	38843234	0	1	249	0	ENST00000333039	249	-20.863240902682385	-20.863240902682385	-0.4658353377851736	1.3531999588012695	-19.381566535909286	-19.381566535909286	-0.3324448891769342	11.76200008392334	249	14473	38828512	38843234	3	22:38842985-38843234	22:38828512-38843234
22	41688721	41688793	ENST00000401959_1	72	-	41688721	41688793	0	1	72	0	ENST00000401959	72	-22.715600040980746	-19.56304155786832	-0.04969445272581652	-16.29149980545044	-15.64355527285969	-14.863628140773164	-0.37124417373558816	7.158999919891357	72	8357	41680364	41688793	2	22:41688721-41688793	22:41680364-41688793
22	41926530	41926635	ENST00000291232_1	105	-	41926530	41926635	0	1	105	0	ENST00000291232	105	-19.05646664074489	-14.390838206382025	-0.6543523821913239	-10.486399692296981	-19.195935377119046	-14.74583084755276	-0.11341293265612157	-10.582100130990147	105	201	41926331	41926637	1	22:41926530-41926635	22:41926331-41926637
22	50326580	50326811	ENST00000413817_1	231	-	50326580	50326811	0	1	231	0	ENST00000413817	231	-15.521693329662085	-15.102267618242063	-0.5735584433549346	-3.909700195863843	-13.835291004849246	-12.63979631088446	-0.7420688328186762	3.7739999294281006	231	7577	50319003	50326811	3	22:50326580-50326811	22:50319003-50326811
22	50507303	50507579	ENST00000474879_1	276	-	50507303	50507579	0	1	276	0	ENST00000474879	276	-22.50072837880124	-15.774137618533079	-0.3278801655935601	-8.770200097560883	-21.438433390414275	-21.438433390414275	-0.25996721428666325	-14.98639999628067	276	270	50507035	50507581	3	22:50507303-50507579	22:50507035-50507581
22	50582397	50582556	ENST00000406938_1	159	-	50582397	50582556	0	1	159	0	ENST00000406938	159	-15.002735834264156	-15.002735834264156	-0.1445849077079047	-2.0669333219528196	-17.075341458727674	-17.075341458727674	1.2744146376484777	-16.195000094175338	159	41	50582357	50582557	1	22:50582397-50582556	22:50582357-50582557
3	5122588	5122777	ENST00000256496_1	189	+	5122588	5122777	0	1	189	0	ENST00000256496	189	-19.606571363078224	-11.946751325100502	-0.1881269876051832	-6.9000998616218565	-16.033879752964804	-16.033879752964804	-0.10681471248179966	9.005499839782715	189	47725	5122588	5170502	2	3:5122588-5122777	3:5122588-5170502
3	9890812	9891028	ENST00000647897_1	216	+	9890812	9891028	0	1	216	0	ENST00000647897	216	-23.30436099651787	-19.662143462647993	0.03278240884160537	-9.608500003814697	-19.30247565566318	-18.463697291036148	-0.16726647337899958	3.310100018978119	216	1781	9890811	9892808	2	3:9890812-9891028	3:9890811-9892808
3	10142189	10142294	ENST00000256474_1	105	+	10142189	10142294	0	1	105	0	ENST00000256474	105	-8.590914278370994	-8.590914278370994	-0.6471287085856818	2.714400124549866	-11.49438228216552	-10.861715730313747	-0.3640397160461177	6.519000053405762	105	4221	10142187	10146513	3	3:10142189-10142294	3:10142187-10146513
3	14125205	14125280	ENST00000306077_1	75	+	14125205	14125280	0	1	75	0	ENST00000306077	75	-24.263359670639037	-20.32021334171295	0.2629999832622707	-20.64999974966049	-20.946322729038993	-20.66773223262822	-0.2517431697908428	6.840000152587891	75	4131	14125205	14129411	3	3:14125205-14125280	3:14125205-14129411
3	32685484	32685589	ENST00000328834_1	105	+	32685484	32685589	0	1	105	0	ENST00000328834	105	-22.331457048654556	-22.331457048654556	0.36392381080381925	-13.856499728560447	-14.90459627669198	-13.719262848966771	-0.13763441067626653	8.363999962806702	105	18280	32685482	32703867	2	3:32685484-32685589	3:32685482-32703867
3	38346925	38346982	ENST00000207870_1	57	+	38346925	38346982	0	1	57	0	ENST00000207870	57	-15.875052530514566	-7.3759123212412785	-0.04517543198246705	-12.679099810123443	-18.836632063964935	-18.836632063964935	-0.2614510822767552	-0.911750003695488	57	1567	38346925	38348549	2	3:38346925-38346982	3:38346925-38348549
3	48447094	48447340	ENST00000320211_1	246	+	48447094	48447340	0	1	246	0	ENST00000320211	246	-27.26301235687442	-25.05262176144293	0.3127479658881392	-16.582400155067443	-17.35240218708674	-16.582949064376695	-0.01802564983089115	2.984999895095825	246	2698	48447092	48450036	2	3:48447094-48447340	3:48447092-48450036
3	48990610	48990832	ENST00000383729_1	222	+	48990610	48990832	0	1	222	0	ENST00000383729	222	-19.67079724129793	-18.61372512283626	0.20286035556178372	-8.905500030517578					222	0	48990610	48990832	2	3:48990610-48990832	3:48990610-48990832
3	49412642	49412747	ENST00000273590_1	105	+	49412642	49412747	0	1	105	0	ENST00000273590	105	-15.88567658908227	-15.88567658908227	0.7608952363697989	-7.053699815273285	-22.38395529629579	-19.747166127753708	0.9287258068880727	1.3760000467300415	105	310	49412640	49413055	3	3:49412642-49412747	3:49412640-49413055
3	52686107	52686251	ENST00000418458_1	144	+	52686107	52686251	0	1	144	0	ENST00000418458	144	-28.390333662430447	-24.586319270233314	-0.2983125054678466	-17.24980013370514	-25.585369882785745	-25.585369882785745	-0.44555491364474886	-9.630600118637085	144	519	52686105	52686768	3	3:52686107-52686251	3:52686105-52686768
3	52706282	52706471	ENST00000619898_1	189	+	52706282	52706471	0	1	189	0	ENST00000619898	189	-24.205587019286458	-24.205587019286458	-0.2290158744078504	-18.023699474334716	-27.15453271823522	-26.233372932112605	0.20612790836102524	-9.49410014152527	189	172	52706282	52706643	3	3:52706282-52706471	3:52706282-52706643
3	58008858	58009101	ENST00000295956_1	243	+	58008858	58009101	0	1	243	0	ENST00000295956	243	-25.01913582726761	-23.70730456599483	-0.3089012384516237	-5.782600069046021	-18.79198976993853	-18.79198976993853	0.01949722722994893	9.611000061035156	243	67946	58008856	58077045	1	3:58008858-58009101	3:58008856-58077045
3	101849919	101850018	ENST00000326172_1	99	+	101849919	101850018	0	1	99	0	ENST00000326172	99	-21.55533351320209	-10.882403986622588	-0.7801414090914257	-12.677400207519531	-27.869623818251423	-25.53578655687618	0.44468278667187666	-4.090399897098541	99	2068	101849917	101852084	1	3:101849919-101850018	3:101849917-101852084
3	127598472	127598673	ENST00000265056_1	201	+	127598472	127598673	0	1	201	0	ENST00000265056	201	-19.932865614321695	-19.932865614321695	-1.0182935303280973	-7.384600043296814	-22.388822198820748	-19.666680332448415	-0.6484224690744046	-5.089777735372384	201	644	127598472	127599317	1	3:127598472-127598673	3:127598472-127599317
3	128052561	128052777	ENST00000243253_1	216	+	128052561	128052777	0	1	216	0	ENST00000243253	216	-17.242166570167885	-17.242166570167885	-0.3678518523094546	-5.942499682214111	-18.033339387279447	-16.758864632602464	0.37249153727760254	-12.50210018157959	216	59	128052559	128052834	1	3:128052561-128052777	3:128052559-128052834
3	131381942	131381978	ENST00000521288_1	36	+	131381942	131381978	0	1	36	0	ENST00000521288	36	-2.662750255316496	-2.662750255316496	0.7452500166578425	-2.1649002924561502	-19.921910609771956	-14.497925263732228	-0.2954776176953438	-11.030200052261353	36	67	131381942	131382045	3	3:131381942-131381978	3:131381942-131382045
3	141876912	141877035	ENST00000286371_1	123	+	141876912	141877035	0	1	123	0	ENST00000286371	123	-5.590243922682797	-5.590243922682797	0.8653362912612151	-0.242000076174736	-17.224232758772036	-16.850729948135285	0.001024526976027784	10.098999977111816	123	26586	141876910	141903619	1	3:141876912-141877035	3:141876910-141903619
3	147411096	147411240	ENST00000282928_1	144	+	147411096	147411240	0	1	144	0	ENST00000282928	144	-27.862374968205888	-23.17568051421808	0.6825763803693311	-15.938099798560142	-33.38404629938451	-29.256870354184088	0.4653570870059333	-12.278999984264374	144	1279	147411094	147412517	1	3:147411096-147411240	3:147411094-147412517
3	150411309	150411429	ENST00000688009_1	120	+	150411309	150411429	0	1	120	0	ENST00000688009	120	-22.847200074791907	-22.847200074791907	0.7255217314343495	-13.74940003156662	-25.984395856308645	-25.85703993163127	0.7757400370095227	9.42300033569336	120	11620	150411308	150423048	1	3:150411309-150411429	3:150411308-150423048
3	169966858	169966930	ENST00000337002_1	72	+	169966858	169966930	0	1	72	0	ENST00000337002	72	-19.182208349307377	-19.182208349307377	0.9815972125830336	-8.039900135993957	-21.157141169382196	-20.53057843627303	0.4013855376282986	3.440999984741211	72	8677	169966858	169975607	2	3:169966858-169966930	3:169966858-169975607
3	180912736	180912790	ENST00000357559_1	54	+	180912736	180912790	0	1	54	0	ENST00000357559	54	-31.004055274857414	-17.58588876547637	0.5338518459487844	-16.14369990825653	-19.832357398381262	-19.372195744179518	-0.06150849140839988	6.9120001792907715	54	20543	180912736	180933333	2	3:180912736-180912790	3:180912736-180933333
3	196712646	196712745	ENST00000392391_1	99	+	196712646	196712745	0	1	99	0	ENST00000392391	99	-14.72484861720692	-14.72484861720692	-0.6397474799117054	-7.6506000518798825	-16.138165857732968	-15.926532810068544	-0.17789502533729565	6.413000106811523	99	4114	196712644	196716857	1	3:196712646-196712745	3:196712644-196716857
3	10321022	10321049	ENST00000350697_1	27	-	10321022	10321049	0	1	27	0	ENST00000350697	27	-34.48614862230089	-17.57422215408749	0.40248145783940953		-21.205223700483433	-21.205223700483433	-0.16641287132918303	1.4044999778270721	27	2928	10318094	10321049	3	3:10321022-10321049	3:10318094-10321049
3	14178184	14178463	ENST00000285021_1	279	-	14178184	14178463	0	1	279	0	ENST00000285021	279	-26.17743018205448	-22.683057454591584	-0.648928315300698	-13.870900273323059	-21.512809424246864	-21.118626295868328	-0.21797587666752327	2.0950000286102295	279	5124	14173062	14178465	2	3:14178184-14178463	3:14173062-14178465
3	15065017	15065059	ENST00000253686_1	42	-	15065017	15065059	0	1	42	0	ENST00000253686	42	-17.150785769735062	-10.60314281497683	-0.30466666585943175	-12.005100321769714	-14.60242605696504	-13.863725738405533	-0.2734883022166291	4.914999961853027	42	5543	15059475	15065060	2	3:15065017-15065059	3:15059475-15065060
3	33096971	33097010	ENST00000307363_1	39	-	33096971	33097010	0	1	39	0	ENST00000307363	39	-14.482641189526289	-14.482641189526289	0.6107692329260783	-7.755000138282776	-19.42362816362825	-15.460960003192568	0.051779921545341806	7.500999927520752	39	24258	33072713	33097010	3	3:33096971-33097010	3:33072713-33097010
3	44761263	44761494	ENST00000296121_1	231	-	44761263	44761494	0	1	231	0	ENST00000296121	231	-25.573757636856723	-25.45133781394401	0.04805727236973951	-9.743300247192384	-16.916067167265137	-16.806746115420616	0.04432181083645323	6.4720001220703125	231	6895	44754368	44761494	1	3:44761263-44761494	3:44754368-44761494
3	47513263	47513536	ENST00000296149_1	273	-	47513263	47513536	0	1	273	0	ENST00000296149	273	-23.056252739259175	-23.056252739259175	-0.6151382124819982	-1.5728999823331833	-19.11368468104332	-17.43470263610998	-0.1438082651460297	3.2290000915527344	273	2037	47511226	47513536	2	3:47513263-47513536	3:47511226-47513536
3	49029062	49029251	ENST00000326739_1	189	-	49029062	49029251	0	1	189	0	ENST00000326739	189	-25.081000021525792	-25.081000021525792	-0.142068784171469	-11.72569980621338	-29.33045538575733	-25.229590504657565	0.7698404691218315	-15.907299768924712	189	257	49028806	49029252	3	3:49029062-49029251	3:49028806-49029252
3	50350436	50350574	ENST00000232501_1	138	-	50350436	50350574	0	1	138	0	ENST00000232501	138	-33.487775564193726	-27.388847915050775	0.4852318820962008	-19.0992000579834	-23.626758490027726	-23.626758490027726	0.22204622924480805	-11.508800077438355	138	414	50350022	50350574	3	3:50350436-50350574	3:50350022-50350574
3	50358046	50358211	ENST00000266025_1	165	-	50358046	50358211	0	1	165	0	ENST00000266025	165	-27.477199826457284	-24.698763597372807	0.5692121250872415	-11.13209976553917	-27.807724574345247	-27.23479947552527	0.2137991998410318	-10.07820017337799	165	2500	50355547	50358212	2	3:50358046-50358211	3:50355547-50358212
3	53130139	53130337	ENST00000296292_1	198	-	53130139	53130337	0	1	198	0	ENST00000296292	198	-29.39664609340521	-24.50681333424467	0.0019898964444909134	-19.017599868774415	-21.21334832627373	-20.861995443688162	0.11815342565218903	6.0329999923706055	198	4145	53125994	53130337	2	3:53130139-53130337	3:53125994-53130337
3	56682439	56682673	ENST00000683822_1	234	-	56682439	56682673	0	1	234	0	ENST00000683822	234	-10.712833253618998	-5.397944480515061	2.9940769284511877	2.60579993724823	-22.128321558757875	-22.128321558757875	0.38771440305990446	3.216699981689453	234	8716	56673725	56682675	2	3:56682439-56682673	3:56673725-56682675
3	57164929	57165160	ENST00000296318_1	231	-	57164929	57165160	0	1	231	0	ENST00000296318	231	-22.512792118958064	-11.98503464370063	0.9704069177745096	-6.640400028228759	-21.78793476463705	-21.558374857064557	0.5631006716161024	4.904899919033051	231	44616	57120313	57165160	2	3:57164929-57165160	3:57120313-57165160
3	64023239	64023272	ENST00000295901_1	33	-	64023239	64023272	0	1	33	0	ENST00000295901	33	-3.740181828990127	-3.740181828990127	3.75975764779882	-3.1478333393732707	-21.972428001025758	-21.060369111858048	-0.8401866297015121	-3.66322222020891	33	718	64022523	64023274	3	3:64023239-64023272	3:64022523-64023274
3	86990485	86990617	ENST00000398399_1	132	-	86990485	86990617	0	1	132	0	ENST00000398399	132	-10.144318130883304	-6.660386215218089	2.117280315988782	4.633399844169617	-28.475391608907998	-27.88231380936933	0.7108591371054902	5.916999816894531	132	11683	86978802	86990617	2	3:86990485-86990617	3:86978802-86990617
3	114056268	114056376	ENST00000295878_1	108	-	114056268	114056376	0	1	108	0	ENST00000295878	108	-27.612990897700744	-26.217361504832905	0.6215277786228668	-19.10090036392212	-27.808650389147026	-26.087190838592207	0.5201190648465681	1.962499961256981	108	2633	114053635	114056376	1	3:114056268-114056376	3:114053635-114056376
3	123960993	123961143	ENST00000409697_1	150	-	123960993	123961143	0	1	150	0	ENST00000409697	150	-21.576720211108526	-21.576720211108526	0.17252666699389616	-14.295000314712524	-22.822503840261074	-21.938522912361943	0.2720567752285414	-6.3396249413490295	150	4198	123956795	123961143	1	3:123960993-123961143	3:123956795-123961143
3	126474758	126474956	ENST00000389709_1	198	-	126474758	126474956	0	1	198	0	ENST00000389709	198	-23.636005123268173	-19.212389005856082	-0.5973585941605364	-14.057900166511535	-23.47093016769123	-22.206275594331842	-0.621854516676293	3.1380000352859496	198	2455	126472305	126474958	3	3:126474758-126474956	3:126472305-126474958
3	128123325	128123583	ENST00000322623_1	258	-	128123325	128123583	0	1	258	0	ENST00000322623	258	-18.20222090207791	-18.20222090207791	-0.7320930247574994	-1.0441000878810882	-23.468597199352832	-22.11935298781842	-0.16275652521322984	8.748000144958496	258	3911	128119414	128123583	1	3:128123325-128123583	3:128119414-128123583
3	139389508	139389547	ENST00000333188_1	39	-	139389508	139389547	0	1	39	0	ENST00000333188	39	-20.231000155210495	-20.231000155210495	0.6285641158345896	-15.643599876761437	-21.162704015737212	-21.076026578993424	0.1490220797758387	5.466000080108643	39	6073	139383435	139389547	2	3:139389508-139389547	3:139383435-139389547
3	146160677	146160878	ENST00000282903_1	201	-	146160677	146160878	0	1	201	0	ENST00000282903	201	-21.957437746634533	-15.268830984089504	-0.7053404362139074	-9.443199887871742	-23.87041390044467	-23.482135837302394	0.08537299460269063	15.729000091552734	201	36450	146124229	146160880	3	3:146160677-146160878	3:146124229-146160880
3	170870056	170870158	ENST00000295830_1	102	-	170870056	170870158	0	1	102	0	ENST00000295830	102	-29.321677392528905	-29.321677392528905	-0.7601764761504954	-22.548286165509904	-19.982524445281772	-18.1976126135727	-0.8406421627027785	7.184999942779541	102	1666	170868390	170870158	2	3:170870056-170870158	3:170868390-170870158
3	180989332	180989599	ENST00000382564_1	267	-	180989332	180989599	0	1	267	0	ENST00000382564	267	-17.282775194457408	-17.282775194457408	-0.564228461093482	-3.125999867916107	-19.942650750962947	-15.839310449137127	-0.1386621866138132	5.64300000667572	267	1103	180988229	180989599	2	3:180989332-180989599	3:180988229-180989599
3	184261084	184261114	ENST00000296238_1	30	-	184261084	184261114	0	1	30	0	ENST00000296238	30	-2.3185001373291017	0.1334666152795156	3.279000003139178	-2.3185001373291017	-15.878109484945659	-15.159540189154733	1.3036572427463633	0.7061997413635254	30	859	184260227	184261116	2	3:184261084-184261114	3:184260227-184261116
3	185937764	185937824	ENST00000453386_1	60	-	185937764	185937824	0	1	60	0	ENST00000453386	60	-21.789466853936514	-16.91449987987677	1.9394000103076299	-18.35570011138916	-24.7275509846152	-24.7275509846152	0.8592959319411705	8.557799977064132	60	11030	185926734	185937824	3	3:185937764-185937824	3:185926734-185937824
4	53491	53623	ENST00000610261_1	132	+	53491	53623	0	1	132	0	ENST00000610261	132	NaN	NaN	-1.6317499944883767	NaN	-7.2386667132377625	-4.428571442763011	-1.8784190057134402	NaN	132	5806	53491	59429	2	4:53491-53623	4:53491-59429
4	124673	124802	ENST00000510175_1	129	+	124673	124802	0	1	129	0	ENST00000510175	129	NaN	NaN	-2.1821705307378325	NaN	-6.420320228034375	-5.729506495614331	-2.1728106020560207	NaN	129	5985	124673	130787	3	4:124673-124802	4:124673-130787
4	499491	499524	ENST00000453061_1	33	+	499491	499524	0	1	33	0	ENST00000453061	33	-22.14563637971878	-13.186697092923252	0.49866666948197014	-20.674999898672105	-22.841658658528313	-22.841658658528313	-0.693215029317525	-1.8568001382052899	33	873	499489	500395	1	4:499491-499524	4:499489-500395
4	2964124	2964352	ENST00000398052_1	228	+	2964124	2964352	0	1	228	0	ENST00000398052	228	-14.096773357987404	-10.874880004723867	-0.7860691221087553	-4.872555709547466	-10.032692061389971	-9.872125753755174	-0.2174504221140627	8.475000381469727	228	24376	2964122	2988726	2	4:2964124-2964352	4:2964122-2988726
4	17811188	17811326	ENST00000251496_1	138	+	17811188	17811326	0	1	138	0	ENST00000251496	138	-22.701869568099145	-17.152130365479685	-0.26958695612172934	-12.135199999809265	-22.629212056120437	-22.629212056120437	-0.16975503601693762	-8.169799995422363	138	894	17811188	17812220	3	4:17811188-17811326	4:17811188-17812220
4	25234433	25234673	ENST00000264864_1	240	+	25234433	25234673	0	1	240	0	ENST00000264864	240	-19.791050097718834	-15.600137438749273	-0.7684833367626803	-7.242300117015839	-18.03113506261503	-17.209609001633183	-0.00290010280111945	8.503999710083008	240	17649	25234431	25252320	3	4:25234433-25234673	4:25234431-25252320
4	30724596	30724641	ENST00000695919_1	45	+	30724596	30724641	0	1	45	0	ENST00000695919	45	-13.410399901866914	-13.410399901866914	1.6742666418974599	-12.84439976811409	-31.616906293621657	-30.008005483408823	0.6791527620380476	-3.4922002017498017	45	6111	30724596	30730752	1	4:30724596-30724641	4:30724596-30730752
4	41990762	41990930	ENST00000264451_1	168	+	41990762	41990930	0	1	168	0	ENST00000264451	168	-21.079142902578628	-21.079142902578628	-0.229119045294023	-2.9656001806259153	-20.20413970941834	-20.017754198325342	0.12414706766176595	12.699999809265137	168	10687	41990760	42001615	3	4:41990762-41990930	4:41990760-42001615
4	53377925	53378051	ENST00000337488_1	126	+	53377925	53378051	0	1	126	0	ENST00000337488	126	-17.899000150816782	-11.13480147932257	0.8178095106212866	-10.445800244808197	-19.719786724458455	-19.719786724458455	1.2905540418953814	8.995500008761883	126	1175	53377923	53379224	3	4:53377925-53378051	4:53377923-53379224
4	55396396	55396468	ENST00000381334_1	72	+	55396396	55396468	0	1	72	0	ENST00000381334	72	-14.208208248019218	-1.717291854114996	1.1591111052095786	0.768199872970581	-18.60529967370451	-17.764153933529897	-0.153932981709754	12.038999557495117	72	15145	55396396	55411613	2	4:55396396-55396468	4:55396396-55411613
4	77862881	77863001	ENST00000315567_1	120	+	77862881	77863001	0	1	120	0	ENST00000315567	120	-40.20902462899685	-29.370824936032296	-0.4779333281912841	-31.07479953765869	-14.415271187408031	-14.415271187408031	-0.13363775609243195	3.8480000495910645	120	8744	77862879	77871743	3	4:77862881-77863001	4:77862879-77871743
4	107990064	107990199	ENST00000309522_1	135	+	107990064	107990199	0	1	135	0	ENST00000309522	135	-11.273666685819625	-11.273666685819625	-0.4593333351874241	-2.342200243473053	-19.432795043069383	-18.887718382710457	-0.11537397435705822	17.81399917602539	135	19559	107990064	108009758	1	4:107990064-107990199	4:107990064-108009758
4	108650796	108650871	ENST00000361564_1	75	+	108650796	108650871	0	1	75	0	ENST00000361564	75	-20.102000031471253	-9.873720197677612	-0.016600006098548573	-10.348699939250945	-19.788637855728965	-19.788637855728965	0.07636181989883163	5.656000137329102	75	4694	108650794	108655563	1	4:108650796-108650871	4:108650794-108655563
4	122827354	122827540	ENST00000644866_1	186	+	122827354	122827540	0	1	186	0	ENST00000644866	186	-16.149758088011897	-15.354150596805798	-0.3162540479286297	-8.172700083255767	-18.996086452949683	-18.996086452949683	-0.040564909975693224	9.951000213623047	186	48782	122827352	122876320	2	4:122827354-122827540	4:122827352-122876320
4	139016173	139016452	ENST00000280614_1	279	+	139016173	139016452	0	1	279	0	ENST00000280614	279	-10.489849447242674	-10.489849447242674	-0.26876702353919063	3.153100053966045	-13.972113449963958	-13.972113449963958	-0.30780547708296774	8.596999724706015	279	26623	139016171	139043073	2	4:139016173-139016452	4:139016171-139043073
4	153344740	153344782	ENST00000240488_1	42	+	153344740	153344782	0	1	42	0	ENST00000240488	42	-19.188357251031057	-13.266785560619264	-0.9445833534830146	-15.374600315093994	-22.116386236138084	-22.116386236138084	-0.027110203563744627	-2.831700176000595	42	5281	153344740	153350063	2	4:153344740-153344782	4:153344740-153350063
4	163494804	163494900	ENST00000358572_1	96	+	163494804	163494900	0	1	96	0	ENST00000358572	96	-18.21084397099912	-18.21084397099912	-0.43577083116300247	-11.326700121164322	-13.952001755364101	-13.932668537528	-0.10773453805141633	2.8310000896453857	96	12132	163494804	163507032	1	4:163494804-163494900	4:163494804-163507032
4	165874075	165874261	ENST00000061240_1	186	+	165874075	165874261	0	1	186	0	ENST00000061240	186	-21.40700016146706	-17.490537564520555	0.5574354822972729	-8.304300141334533	-23.401828560382977	-23.401828560382977	-0.021344280149845997	9.706000328063965	186	115121	165874073	165989380	2	4:165874075-165874261	4:165874073-165989380
4	1720378	1720630	ENST00000382936_1	252	-	1720378	1720630	0	1	252	0	ENST00000382936	252	-14.321464351954914	-14.321464351954914	-0.5160396811667837	-3.83629994392395	-19.659632030765238	-19.656086115197553	-0.7507226019409341	-2.7572000086307527	252	1754	1718626	1720632	2	4:1720378-1720630	4:1718626-1720632
4	4248010	4248103	ENST00000382753_1	93	-	4248010	4248103	0	1	93	0	ENST00000382753	93	-24.756322831876815	-16.020634279416132	-0.18088171968827405	-12.093100309371948	-23.885882571047897	-23.25049330493353	-0.27348490703247674	-1.0738333960374196	93	1669	4246343	4248105	2	4:4248010-4248103	4:4246343-4248105
4	13543721	13543946	ENST00000382438_1	225	-	13543721	13543946	0	1	225	0	ENST00000382438	225	-26.601999970409604	-24.01132439672947	-0.17548000060073618	-15.13929991722107	-29.85687779763004	-28.385578320346088	-0.3832204388204814	-3.826299947500229	225	1195	13542528	13543948	3	4:13543721-13543946	4:13542528-13543948
4	25160066	25160255	ENST00000382103_1	189	-	25160066	25160255	0	1	189	0	ENST00000382103	189	-17.491396884123485	-14.416089873149913	-0.41303704568263755	-6.283100032806397	-17.25895691302833	-17.25895691302833	-0.7470906050555446	-1.511299991607666	189	302	25159764	25160255	3	4:25160066-25160255	4:25159764-25160255
4	75990724	75990751	ENST00000356260_1	27	-	75990724	75990751	0	1	27	0	ENST00000356260	27	-19.95433309343126	-19.95433309343126	0.05340740760719335		-13.250710771321947	-12.12084859735931	-0.004858698062571199	3.314333120981852	27	8687	75982037	75990751	2	4:75990724-75990751	4:75982037-75990751
4	83284470	83284509	ENST00000647002_1	39	-	83284470	83284509	0	1	39	0	ENST00000647002	39	-4.762512842814128	-4.762512842814128	-0.5563846051884003	-1.0580000400543212	-20.143175895008035	-19.43990145508142	-0.004842483174645951	3.7125001430511473	39	5358	83279114	83284511	1	4:83284470-83284509	4:83279114-83284511
4	83455282	83455396	ENST00000295488_1	114	-	83455282	83455396	0	1	114	0	ENST00000295488	114	-29.34239474409505	-25.79354386371479	-0.34107894909551795	-13.874400019645691	-18.36078045233234	-16.687699734075757	-0.2203611532616258	-0.543999989827474	114	1337	83453945	83455396	2	4:83455282-83455396	4:83453945-83455396
4	99950047	99950167	ENST00000296417_1	120	-	99950047	99950167	0	1	120	0	ENST00000296417	120	-10.430349983274937	-10.430349983274937	1.6172564228375752	0.42439999580383303	-3.34110749340601	-0.9184266721969319	1.9089674282461064	5.0716999739408495	120	307	99949740	99950167	2	4:99950047-99950167	4:99949740-99950167
4	145179670	145179814	ENST00000447906_1	144	-	145179670	145179814	0	1	144	0	ENST00000447906	144	-13.400979177405437	-5.226979173823363	0.7549374976984432	-1.533799982070923	-24.335876474381934	-23.60616540799183	0.3238038579171268	-2.2765000065167746	144	4926	145174744	145179814	2	4:145179670-145179814	4:145174744-145179814
4	158723042	158723201	ENST00000307720_1	159	-	158723042	158723201	0	1	159	0	ENST00000307720	159	-28.336106890121346	-25.228409156109553	-0.3407861654574942	-10.962600180506707	-22.511238453412407	-22.511238453412407	-0.23016235935219395	-5.455699920654297	159	1561	158721483	158723203	3	4:158723042-158723201	4:158721483-158723203
4	183658631	183658928	ENST00000326397_1	297	-	183658631	183658928	0	1	297	0	ENST00000326397	297	-30.05173393331393	-23.816828382737707	-0.17442760683293532	-7.098399972915649	-21.994505197005914	-21.063724939391534	-0.12053793539665499	1.9781999826431274	297	2670	183655961	183658928	3	4:183658631-183658928	4:183655961-183658928
5	41925498	41925795	ENST00000281623_1	297	+	41925498	41925795	0	1	297	0	ENST00000281623	297	-23.256929374403423	-21.67438402601364	-0.46827304040625334	-7.796399968862533	-25.199318432717153	-24.06246713555302	-0.1925828227425185	-0.21450018882751465	297	1217	41925498	41927012	1	5:41925498-41925795	5:41925498-41927012
5	44809565	44809766	ENST00000507110_1	201	+	44809565	44809766	0	1	201	0	ENST00000507110	201	-28.13667157292366	-25.713368050494598	-1.1558208941106698	-9.419899782538414	-24.233641180319694	-24.233641180319694	-0.12357395486294148	-7.512285675321307	201	1244	44809563	44811008	3	5:44809565-44809766	5:44809563-44811008
5	65563508	65563559	ENST00000261308_1	51	+	65563508	65563559	0	1	51	0	ENST00000261308	51	-26.43782359011033	-26.43782359011033	0.3795098116000493	-22.605000257492065	-23.257203432941278	-23.257203432941278	0.06972776895331854	3.106000006198883	51	3955	65563506	65567512	3	5:65563508-65563559	5:65563506-65567512
5	65722415	65722436	ENST00000380985_1	21	+	65722415	65722436	0	1	21	0	ENST00000380985	21	-28.268000194004603	-16.659761746724445	1.764952384024149		-17.932530078263905	-17.932530078263905	0.02936812114381155	8.371999740600586	21	36131	65722414	65758566	3	5:65722415-65722436	5:65722414-65758566
5	69217871	69217910	ENST00000256441_1	39	+	69217871	69217910	0	1	39	0	ENST00000256441	39	-19.8809232207445	-19.8809232207445	1.1361794996146972	-19.255700236558916	-19.03024798627819	-18.01349609006564	-0.16672489304892876	5.840000152587891	39	8427	69217871	69226337	3	5:69217871-69217910	5:69217871-69226337
5	69235041	69235263	ENST00000256443_1	222	+	69235041	69235263	0	1	222	0	ENST00000256443	222	-24.34445945395006	-23.845319805918514	-0.3716790673387952	-14.084099769592285	-21.643076877869092	-21.375684595108034	-0.11373504990727729	-7.281099730730057	222	130	69235041	69235393	1	5:69235041-69235263	5:69235041-69235393
5	77030976	77031096	ENST00000312916_1	120	+	77030976	77031096	0	1	120	0	ENST00000312916	120	-16.974924866855144	-12.825024968385696	0.11867500355777641	-10.372500056028366	-20.17018545835593	-18.1402741777132	-0.026955603333229116	5.48550009727478	120	3321	77030976	77034417	1	5:77030976-77031096	5:77030976-77034417
5	77211264	77211354	ENST00000264917_1	90	+	77211264	77211354	0	1	90	0	ENST00000264917	90	-17.667566632231075	-12.59032219449679	0.7662777794938949	-7.9721001267433165	-20.928427527737462	-20.888817769282962	0.10490777168476886	13.817000389099121	90	100639	77211264	77311993	1	5:77211264-77211354	5:77211264-77311993
5	121962068	121962152	ENST00000339397_1	84	+	121962068	121962152	0	1	84	0	ENST00000339397	84	-17.928821546690806	-17.928821546690806	-0.3231666662419836	-8.048799991607666	-22.17290276785059	-21.785057494943917	0.0604361950207983	8.10200023651123	84	12043	121962068	121974195	3	5:121962068-121962152	5:121962068-121974195
5	132370365	132370392	ENST00000245407_1	27	+	132370365	132370392	0	1	27	0	ENST00000245407	27	-43.329666985405815	-17.7095925366437	1.1978888791744355		-25.41995729103583	-25.16672574154826	0.06392135818789706	3.800999959309896	27	7985	132370365	132378377	1	5:132370365-132370392	5:132370365-132378377
5	134905223	134905376	ENST00000254908_1	153	+	134905223	134905376	0	1	153	0	ENST00000254908	153	-18.663784143094922	-14.850797390236574	-0.27517646496652876	-2.5919999301433565	-19.288845971910973	-17.689630165705147	-0.2161726300382118	5.677999973297119	153	4958	134905223	134910334	3	5:134905223-134905376	5:134905223-134910334
5	138466070	138466160	ENST00000239938_1	90	+	138466070	138466160	0	1	90	0	ENST00000239938	90	-21.640832980473835	-21.640832980473835	0.9355777762752647	-11.152199935913085	-17.466531090867242	-14.980468911959344	2.6316287654475774	-1.6257001876831054	90	598	138466068	138466756	3	5:138466070-138466160	5:138466068-138466756
5	139561815	139561854	ENST00000398733_1	39	+	139561815	139561854	0	1	39	0	ENST00000398733	39	-16.499999871620766	-13.694384736892504	1.7285128272114656	-15.295599913597107	-14.793538571228323	-14.793538571228323	-0.09275330326799891	13.446999549865723	39	38517	139561815	139600371	1	5:139561815-139561854	5:139561815-139600371
5	140691756	140691840	ENST00000230771_1	84	+	140691756	140691840	0	1	84	0	ENST00000230771	84	-32.59199985436031	-27.28639266391595	0.7044404834131932	-16.8280996799469	-23.417705391012085	-22.65417974420936	0.22116320587864605	3.118000030517578	84	1750	140691756	140693590	1	5:140691756-140691840	5:140691756-140693590
5	154446805	154446970	ENST00000297109_1	165	+	154446805	154446970	0	1	165	0	ENST00000297109	165	-11.358272712880915	-9.126581985887253	1.1139272846535526	-1.2326000332832336	-21.053592500653636	-20.80726554472971	0.4549895550512813	1.4360000371932984	165	4120	154446805	154451090	2	5:154446805-154446970	5:154446805-154451090
5	168486543	168486576	ENST00000231572_1	33	+	168486543	168486576	0	1	33	0	ENST00000231572	33	-13.705091021277688	-13.705091021277688	0.3916060761689688	-7.845200037956237	-17.76662227291786	-16.368184498781055	-0.49678474647176163	-1.4869999885559082	33	2025	168486543	168488601	1	5:168486543-168486576	5:168486543-168488601
5	176448470	176448650	ENST00000261942_1	180	+	176448470	176448650	0	1	180	0	ENST00000261942	180	-14.911966664747645	-13.105100012653404	1.7687388853545094	-5.505200237035751	-14.181743628409508	-14.058759828977655	-0.19596737331810934	9.248000144958496	180	30537	176448470	176479187	3	5:176448470-176448650	5:176448470-176479187
5	43556564	43556579	ENST00000306846_1	15	-	43556564	43556579	0	1	15	0	ENST00000306846	15	2.0961999893188477	3.0754001080989837	2.799399994313717		-17.52533336795827	-17.073070456288637	0.6731199310177599	5.560499840974808	15	567	43555999	43556581	3	5:43556564-43556579	5:43555999-43556581
5	54310329	54310431	ENST00000504924_1	102	-	54310329	54310431	0	1	102	0	ENST00000504924	102	-11.271735333782786	-11.271735333782786	2.1069215674537656	-6.928200097382069	-21.87638402637884	-21.813163296466296	0.15521803176836238	12.062999725341797	102	138401	54171928	54310431	1	5:54310329-54310431	5:54171928-54310431
5	108380581	108380698	ENST00000542267_1	117	-	108380581	108380698	0	1	117	0	ENST00000542267	117	-19.483487258896105	-13.979359015440329	1.4332820610063643	-15.662266534566879	-17.82562839508041	-17.02192817578203	0.06723837302952497	2.634999990463257	117	12628	108367953	108380698	2	5:108380581-108380698	5:108367953-108380698
5	113488183	113488243	ENST00000408903_1	60	-	113488183	113488243	0	1	60	0	ENST00000408903	60	-13.324366602301598	-10.061100070675215	0.29426667294465003	-7.80530002117157	-16.950334196212477	-16.947811781326944	0.19722389951345354	12.348999977111816	60	102972	113385212	113488244	2	5:113488183-113488243	5:113385212-113488244
5	126594874	126595006	ENST00000409134_1	132	-	126594874	126595006	0	1	132	0	ENST00000409134	132	-32.52551519690138	-24.055681905963205	-0.05225757074852785	-16.141600131988525	-26.10591213653485	-24.839764893329964	-0.17329189973431652	1.5429999828338623	132	1470	126593404	126595006	2	5:126594874-126595006	5:126593404-126595006
5	133968278	133968443	ENST00000231512_1	165	-	133968278	133968443	0	1	165	0	ENST00000231512	165	-13.65686065970045	-13.65686065970045	-0.07632727423739252	-4.863199943304062	-17.347648926675987	-17.33314757472729	0.060346013812854656	4.11899995803833	165	8260	133960020	133968445	3	5:133968278-133968443	5:133960020-133968445
5	134225552	134225759	ENST00000481195_1	207	-	134225552	134225759	0	1	207	0	ENST00000481195	207	-15.60830441110088	-11.15733343989089	1.7448405826583522	-2.921500051021576	-17.31632567036259	-17.31632567036259	-0.013598863223878821	7.460000038146973	207	19421	134206131	134225759	3	5:134225552-134225759	5:134206131-134225759
5	134411590	134411614	ENST00000458198_1	24	-	134411590	134411614	0	1	24	0	ENST00000458198	24	-11.776625335216522	-4.4352499214001	2.4571250208343067		-27.10345580122911	-24.320866529769418	0.2595245573689799	-6.439199709892273	24	509	134411082	134411615	2	5:134411590-134411614	5:134411082-134411615
5	135033560	135033710	ENST00000265340_1	150	-	135033560	135033710	0	1	150	0	ENST00000265340	150	-18.247180084884167	-15.978000004291534	0.7337133378791623	-8.400500106811524	-25.41645352179586	-25.258085849056823	0.7885452774887226	-4.19499990940094	150	2054	135031508	135033712	3	5:135033560-135033710	5:135031508-135033712
5	138575144	138575237	ENST00000297185_1	93	-	138575144	138575237	0	1	93	0	ENST00000297185	93	-23.01821001665092	-23.01821001665092	0.6614408554779666	-13.152833461761475	-32.401616889888274	-30.084333029473182	-0.430247543110697	-11.612399908900262	93	1018	138574126	138575237	3	5:138575144-138575237	5:138574126-138575237
5	139389502	139389679	ENST00000302125_1	177	-	139389502	139389679	0	1	177	0	ENST00000302125	177	-27.876378545316598	-21.042067767704946	0.5092429351535136	-19.728899866342545	-20.17193327232723	-20.17193327232723	-0.07960196244941706	-1.0188888443840876	177	917	139388585	139389679	2	5:139389502-139389679	5:139388585-139389679
5	140564089	140564194	ENST00000357560_1	105	-	140564089	140564194	0	1	105	0	ENST00000357560	105	-37.255714618875864	-27.377742954662867	0.4629904734137069	-27.50410032272339	-33.45161938853562	-26.107153423130512	0.6014452575897988	-22.074800407886507	105	176	140563915	140564196	2	5:140564089-140564194	5:140563915-140564196
5	146182406	146182487	ENST00000394434_1	81	-	146182406	146182487	0	1	81	0	ENST00000394434	81	-27.539432346084972	-21.96729631887542	0.7537407521158457	-18.366300201416017	-14.553982576060822	-14.553982576060822	-0.18685646196377156	4.826499968767166	81	4741	146177665	146182487	3	5:146182406-146182487	5:146177665-146182487
5	151758473	151758545	ENST00000313115_1	72	-	151758473	151758545	0	1	72	0	ENST00000313115	72	-17.160041610399883	-17.160041610399883	0.3299861185449926	-11.824599850177766	-18.93137977470186	-18.60512351825465	-0.1432760022637129	3.9255715012550354	72	6694	151751779	151758545	3	5:151758473-151758545	5:151751779-151758545
5	163459795	163459861	ENST00000302764_1	66	-	163459795	163459861	0	1	66	0	ENST00000302764	66	-13.302439257954106	-13.302439257954106	0.37745456563337054	-7.984000039100647	-20.92505132705044	-20.92505132705044	-0.22953700302428265	7.863999843597412	66	2185	163457610	163459861	2	5:163459795-163459861	5:163457610-163459861
5	173234453	173234747	ENST00000329198_1	294	-	173234453	173234747	0	1	294	0	ENST00000329198	294	-28.480350415114643	-27.91710999055007	0.1170101997784662	-12.842500096559524	-27.638159847874924	-27.638159847874924	-0.2740465659565244	-1.9670000076293945	294	1246	173233209	173234749	3	5:173234453-173234747	5:173233209-173234749
5	173616133	173616199	ENST00000311086_1	66	-	173616133	173616199	0	1	66	0	ENST00000311086	66	-30.67774206766802	-19.381333390420135	-0.23060605864068776	-19.682999865338207	-20.453587521469142	-20.40245704686379	-0.2250146239750398	-1.848800039291382	66	2878	173613255	173616199	2	5:173616133-173616199	5:173613255-173616199
5	178232388	178232490	ENST00000308158_1	102	-	178232388	178232490	0	1	102	0	ENST00000308158	102	-4.963709639926111	-4.963709639926111	-0.24926470698533104	1.8125556475586362	-18.954128642989804	-18.085871347719383	-0.3126362585282495	-2.241600012779236	102	866	178231523	178232491	1	5:178232388-178232490	5:178231523-178232491
5	179806235	179806484	ENST00000292591_1	249	-	179806235	179806484	0	1	249	0	ENST00000292591	249	-10.896678662353969	-9.176646527516315	0.22407630070236073	2.6082666714986167	-24.880824491593298	-24.880824491593298	-0.38646338150198156	-3.3793999212794006	249	4268	179801969	179806486	3	5:179806235-179806484	5:179801969-179806486
5	180352962	180353208	ENST00000253778_1	246	-	180352962	180353208	0	1	246	0	ENST00000253778	246	-24.950730783817097	-21.610261569231874	-0.2969065063057573	-14.71570007801056	-20.319351818912832	-20.13901344726141	-0.21241921897912355	5.064000129699707	246	14364	180338600	180353210	1	5:180352962-180353208	5:180338600-180353210
6	7542086	7542251	ENST00000379802_1	165	+	7542086	7542251	0	1	165	0	ENST00000379802	165	-16.481884592284377	-13.700094266882482	-0.3010606056594318	-1.9074287584849767	-22.14859828744319	-22.050367061415052	-0.13475581423114316	6.769500017166138	165	13467	7542085	7555717	3	6:7542086-7542251	6:7542085-7555717
6	10695069	10695195	ENST00000379568_1	126	+	10695069	10695195	0	1	126	0	ENST00000379568	126	-25.69530959143525	-16.86593654799083	-0.35102380505422986	-18.414199844002724	-21.26510911071779	-21.26510911071779	-0.32846033889560666	-0.571444465054406	126	2128	10695069	10697323	1	6:10695069-10695195	6:10695069-10697323
6	14117850	14117949	ENST00000379153_1	99	+	14117850	14117949	0	1	99	0	ENST00000379153	99	-25.51530999561836	-12.078944375448756	0.03360605856986961	-18.26188862323761	-5.081999778747559	0.10699987411499023	9.016999959945679		99	2	14117848	14117949	1	6:14117850-14117949	6:14117848-14117949
6	16129409	16129502	ENST00000356840_1	93	+	16129409	16129502	0	1	93	0	ENST00000356840	93	-26.709516111881502	-14.806870970354286	0.38912902918634235	-21.905199670791625	-24.85823895688629	-24.576908935829973	0.4837019674777294	5.950699877738953	93	12122	16129409	16141624	3	6:16129409-16129502	6:16129409-16141624
6	20402625	20402778	ENST00000346618_1	153	+	20402625	20402778	0	1	153	0	ENST00000346618	153	-7.59154896248205	-7.59154896248205	2.059470570670575	-0.40100003108382226	-20.686570271330993	-20.372652850974813	0.08556099259710911	10.57699966430664	153	77067	20402625	20479845	1	6:20402625-20402778	6:20402625-20479845
6	30720563	30720716	ENST00000327892_1	153	+	30720563	30720716	0	1	153	0	ENST00000327892	153	-29.868392115714503	-26.841477158802007	0.4922156860683649	-21.860600185394286	-21.785562891371754	-21.785562891371754	0.20976502964323437	5.226800107955933	153	1820	30720563	30722536	3	6:30720563-30720716	6:30720563-30722536
6	31763168	31763330	ENST00000415669_1	162	+	31763168	31763330	0	1	162	0	ENST00000415669	162	-21.67433324345836	-21.67433324345836	0.3352098792337203	-3.2916999042034147	-30.866892587925708	-19.39873793863115	0.12046428440537836	-20.297099694609642	162	84	31763168	31763414	3	6:31763168-31763330	6:31763168-31763414
6	33272122	33272146	ENST00000439602_1	24	+	33272122	33272146	0	1	24	0	ENST00000439602	24	-27.831125259399414	-22.499833206335705	1.8007083488628268		-27.62016608809235	-25.26444700358749	0.18009493654821743	-10.618699965874354	24	481	33272122	33272627	2	6:33272122-33272146	6:33272122-33272627
6	42050586	42050877	ENST00000372977_1	291	+	42050586	42050877	0	1	291	0	ENST00000372977	291	-22.692123649353835	-22.692123649353835	1.3301718258762996	-0.2949000358581543	-24.345960379393464	-23.745928987176285	0.2603945738644707	-8.767400026321411	291	479	42050586	42051356	1	6:42050586-42050877	6:42050586-42051356
6	42564397	42564535	ENST00000372901_1	138	+	42564397	42564535	0	1	138	0	ENST00000372901	138	-23.224239126009785	-13.341181311486423	0.9981594174708901	-10.861000100523233	-19.124239623636914	-18.283302202880076	0.012576522001318707	5.086999893188477	138	9198	42564397	42573733	2	6:42564397-42564535	6:42564397-42573733
6	42929723	42929915	ENST00000372836_1	192	+	42929723	42929915	0	1	192	0	ENST00000372836	192	-20.324703017249703	-20.324703017249703	0.45496353500251036	-7.257599258422852	-18.911366005249494	-18.911366005249494	-0.09505923857406973	5.420000076293945	192	4561	42929721	42934474	3	6:42929723-42929915	6:42929721-42934474
6	42984704	42984797	ENST00000485511_1	93	+	42984704	42984797	0	1	93	0	ENST00000485511	93	-11.911128840619519	-6.246591458717982	3.421029882755742	0.25829995721578597	-23.604922207911663	-22.486022473064182	0.8336415974579746	-0.872555555568801	93	4813	42984704	42989610	3	6:42984704-42984797	6:42984704-42989610
6	71289170	71289437	ENST00000370435_1	267	+	71289170	71289437	0	1	267	0	ENST00000370435	267	-15.235977550403456	-13.56492516655154	0.12113199803791941	-3.5895000219345095	-28.223614215420877	-27.87347455847444	0.5521981104813055	0.30249981880187987	267	3855	71289170	71293292	3	6:71289170-71289437	6:71289170-71293292
6	85450478	85450520	ENST00000257770_1	42	+	85450478	85450520	0	1	42	0	ENST00000257770	42	-29.502000314848765	-17.946142828180676	0.49592857852777733	-17.10600025653839	-24.60559904019249	-24.347324397189	-0.12551084015452918	7.927999973297119	42	16539	85450478	85467059	3	6:85450478-85450520	6:85450478-85467059
6	87473021	87473225	ENST00000369552_1	204	+	87473021	87473225	0	1	204	0	ENST00000369552	204	-25.649382269996053	-20.370892247696425	-0.32959803685262873	0.32130008935928345	-25.414155021630872	-24.49709676215773	0.17603728388249298	3.812999963760376	204	4138	87473019	87477361	3	6:87473021-87473225	6:87473019-87477361
6	87590192	87590246	ENST00000392844_1	54	+	87590192	87590246	0	1	54	0	ENST00000392844	54	-31.759833017985027	-23.22107427208512	0.5134814758957537	-28.66069927215576	-19.888653262030967	-19.888653262030967	0.05887148510548114	9.331999778747559	54	4106	87590192	87594352	3	6:87590192-87590246	6:87590192-87594352
6	89081434	89081581	ENST00000336032_1	147	+	89081434	89081581	0	1	147	0	ENST00000336032	147	-15.825102092660202	-9.7331565085317	2.335703116289551	-0.09569985568523406	-20.03480691495212	-20.03480691495212	0.09920009275626593	3.4839999675750732	147	2171	89081434	89083752	2	6:89081434-89081581	6:89081434-89083752
6	96521951	96522239	ENST00000369278_1	288	+	96521951	96522239	0	1	288	0	ENST00000369278	288	-30.112927248701453	-26.244187443558378	-0.3056180532346641	-19.01840000152588	-26.155815965832375	-26.040368865523906	-0.018420579909374082	-5.890699711441994	288	907	96521950	96523145	3	6:96521951-96522239	6:96521950-96523145
6	110958826	110959042	ENST00000329970_1	216	+	110958826	110959042	0	1	216	0	ENST00000329970	216	-18.832263937426937	-18.832263937426937	-0.49892592313699424	-5.170899987220764	-23.9074651922944	-22.37649595321611	-0.25299224118853725	-16.68010006174445	216	129	110958826	110959171	2	6:110958826-110959042	6:110958826-110959171
6	124963426	124963498	ENST00000521654_1	72	+	124963426	124963498	0	1	72	0	ENST00000521654	72	-18.824750065803528	-18.824750065803528	-0.25318056551946533	-16.201399898529054	-24.990290864965385	-23.995647221231152	0.2958296884794699	6.960666835308075	72	8002	124963426	124971500	2	6:124963426-124963498	6:124963426-124971500
6	125986622	125986634	ENST00000334379_1	12	+	125986622	125986634	0	1	12	0	ENST00000334379	12	-14.565000534057617	-14.133249978224436	3.3493333531854055		-19.140974726317115	-19.140974726317115	0.06737538897359936	1.343999981880188	12	7122	125986622	125993756	3	6:125986622-125986634	6:125986622-125993756
6	131808275	131808515	ENST00000647893_1	240	+	131808275	131808515	0	1	240	0	ENST00000647893	240	-24.83493734151125	-14.920833314831059	-0.3554874991386896	-6.631800174713135	-20.791166345011572	-20.791166345011572	0.2520165506124176	5.623000144958496	240	39260	131808275	131847775	3	6:131808275-131808515	6:131808275-131847775
6	136822797	136822983	ENST00000318471_1	186	+	136822797	136822983	0	1	186	0	ENST00000318471	186	-17.209387062538056	-17.209387062538056	-0.17297311898218268	-2.0857001543045044	-21.94049367592165	-21.94049367592165	-0.3487793384793463	1.0820000171661377	186	2232	136822795	136825213	1	6:136822797-136822983	6:136822795-136825213
6	136922869	136923004	ENST00000331858_1	135	+	136922869	136923004	0	1	135	0	ENST00000331858	135	-15.212454759261824	-15.212454759261824	1.003599992925646	-6.17777767446306	-26.667255076463597	-25.254265293997424	0.13706235973945294	-10.889499747753144	135	882	136922867	136923884	2	6:136922869-136923004	6:136922867-136923884
6	143843480	143843549	ENST00000367576_1	69	+	143843480	143843549	0	1	69	0	ENST00000367576	69	-21.39973923434382	-17.65369572846786	0.6360289859383003	-14.738200271129609	-30.74354152770665	-26.943281000121853	-0.2838525651422037	-12.788400101661683	69	936	143843480	143844485	3	6:143843480-143843549	6:143843480-143844485
6	146544123	146544402	ENST00000367495_1	279	+	146544123	146544402	0	1	279	0	ENST00000367495	279	-22.164720500669173	-18.515114787685615	-0.9974910410648499	-4.74079999923706	-25.557900247014114	-24.764347159808977	0.012077834952992566	0.521333376566569	279	5063	146544121	146549463	1	6:146544123-146544402	6:146544121-146549463
6	147204682	147204865	ENST00000321680_1	183	+	147204682	147204865	0	1	183	0	ENST00000321680	183	-15.044333279629548	-15.044333279629548	0.5348579212514266	-4.400899839401245	-26.553531643020268	-26.35633022424278	0.9163756801558958	-5.639200133085251	183	1105	147204682	147205970	2	6:147204682-147204865	6:147204682-147205970
6	160348848	160348923	ENST00000275300_1	75	+	160348848	160348923	0	1	75	0	ENST00000275300	75	-13.723639892339706	-13.723639892339706	-0.2673066729834924	-4.874999818205834	-17.775160858464034	-17.775160858464034	-0.2957622973519545	16.968000411987305	75	49055	160348848	160397978	1	6:160348848-160348923	6:160348848-160397978
6	2245158	2245320	ENST00000380815_1	162	-	2245158	2245320	0	1	162	0	ENST00000380815	162	-11.908888910517648	-11.908888910517648	0.21911728522383872	-0.8414999417960644	-20.618489476728456	-20.476771420111284	0.12783778627254408	7.734000205993652	162	120427	2124731	2245320	1	6:2245158-2245320	6:2124731-2245320
6	3227327	3227486	ENST00000259818_1	159	-	3227327	3227486	0	1	159	0	ENST00000259818	159	-28.589038612750862	-28.589038612750862	-0.1250909139493932	-12.46888886557685	-25.324101642807385	-25.05370412514515	0.15053884375451734	-0.7004001379013062	159	658	3226669	3227486	3	6:3227327-3227486	6:3226669-3227486
6	7312889	7313039	ENST00000244763_1	150	-	7312889	7313039	0	1	150	0	ENST00000244763	150	-15.448820073604583	-15.448820073604583	-0.2944999993747721	-7.3970000624656675	-19.93610940297051	-19.420460415453796	0.11122043330500485	4.885700058937073	150	2862	7310029	7313041	3	6:7312889-7313039	6:7310029-7313041
6	28251383	28251557	ENST00000377294_1	174	-	28251383	28251557	0	1	174	0	ENST00000377294	174	-24.783758723530276	-21.28933337416457	-0.1782298844693036	-11.506200152635575	-21.819435600235487	-20.200873597803415	-0.5953497082795995	-0.5282857886382512	174	1549	28249834	28251557	3	6:28251383-28251557	6:28249834-28251557
6	28586234	28586297	ENST00000452236_1	63	-	28586234	28586297	0	1	63	0	ENST00000452236	63	-13.520095053173247	-13.520095053173247	0.12688889101679837	-12.552899885177613	-14.041935941043544	-13.4577768874908	0.055126351769461755	5.508999824523926	63	6815	28579419	28586297	3	6:28586234-28586297	6:28579419-28586297
6	31170170	31170215	ENST00000259915_1	45	-	31170170	31170215	0	1	45	0	ENST00000259915	45	-24.469400330384573	-14.58826650513543	-0.15528889563348558	-24.819300174713135	-18.5884472342657	-17.554080830941643	-0.07032036984995402	6.493000030517578	45	4123	31166047	31170215	3	6:31170170-31170215	6:31166047-31170215
6	33788192	33788378	ENST00000293760_1	186	-	33788192	33788378	0	1	186	0	ENST00000293760	186	-14.73769350686381	-14.632989260778633	0.687010747846216	1.982499998807907	-24.402628107242364	-24.402628107242364	0.04924788796547866	-7.351800107955933	186	1420	33786774	33788380	3	6:33788192-33788378	6:33786774-33788380
6	39114855	39114882	ENST00000229903_1	27	-	39114855	39114882	0	1	27	0	ENST00000229903	27	-25.962518599298264	-18.422888897083425	0.40214815365012596		-20.19872403622913	-20.19872403622913	0.3490380431514202	10.29699993133545	27	9079	39105776	39114882	1	6:39114855-39114882	6:39105776-39114882
6	41941226	41941451	ENST00000372991_1	225	-	41941226	41941451	0	1	225	0	ENST00000372991	225	-14.394453357358774	-14.394453357358774	1.0511511138133292	-6.097900080680847	-14.38376595849366	-14.38376595849366	1.6302574098636156	5.824399995803833	225	641	41940585	41941451	3	6:41941226-41941451	6:41940585-41941451
6	43516564	43516726	ENST00000372422_1	162	-	43516564	43516726	0	1	162	0	ENST00000372422	162	-23.851092840786333	-23.84059264924791	0.40848148367827597	-7.516900080442428	-25.970539527025814	-23.547906137859897	0.14751386043252246	-7.598900008201599	162	469	43516095	43516726	2	6:43516564-43516726	6:43516095-43516726
6	75243608	75243716	ENST00000684430_1	108	-	75243608	75243716	0	1	108	0	ENST00000684430	108	-35.05208340783914	-23.87750913892631	-0.5487222240254697	-23.548899865150453	-24.497741077693817	-24.497741077693817	-0.09584037639490657	-2.6376665035883584	108	2343	75241265	75243716	3	6:75243608-75243716	6:75241265-75243716
6	79947006	79947177	ENST00000369816_1	171	-	79947006	79947177	0	1	171	0	ENST00000369816	171	-21.30442682292029	-17.548649168197525	0.004730993116612149	-3.028399470448494	-23.75047960790742	-23.720750633627084	0.10664984101596305	13.6899995803833	171	20627	79926381	79947179	1	6:79947006-79947177	6:79926381-79947179
6	87589879	87589921	ENST00000369536_1	42	-	87589879	87589921	0	1	42	0	ENST00000369536	42	-34.65116659800211	-20.87097632317316	-0.24564286188355514	-36.53533331553141	-14.048449596021436	-13.858804972083519	0.10663785885386672	7.876999855041504	42	20289	87569590	87589921	2	6:87589879-87589921	6:87569590-87589921
6	87701333	87701447	ENST00000257787_1	114	-	87701333	87701447	0	1	114	0	ENST00000257787	114	-17.611444496446186	-14.057777823121459	-0.04215789303845285	-10.567699956893922	-20.745872378873422	-20.28133199143639	0.3373699209739965	8.182999610900879	114	19572	87681763	87701449	3	6:87701333-87701447	6:87681763-87701449
6	109440176	109440455	ENST00000521072_1	279	-	109440176	109440455	0	1	279	0	ENST00000521072	279	-25.05326892739983	-22.288813688715514	-0.5095663085316164	-12.616400218009948	-19.41173875044811	-18.48931961775183	0.06031263941353084	5.2210001945495605	279	8831	109431345	109440455	3	6:109440176-109440455	6:109431345-109440455
6	117601934	117602003	ENST00000368498_1	69	-	117601934	117602003	0	1	69	0	ENST00000368498	69	-23.90800010121387	-15.668029066445172	0.7859565122694155	-15.963500034809112	-19.37691455113703	-19.214145710552124	0.17447536148963513	5.425000071525574	69	22870	117579064	117602003	3	6:117601934-117602003	6:117579064-117602003
6	138106947	138107124	ENST00000421351_1	177	-	138106947	138107124	0	1	177	0	ENST00000421351	177	-20.14034519592921	-19.818035738187888	0.11203428786514061	-0.784500002861023	-24.923809757884523	-24.923809757884523	-0.11760918826516223	-0.23360009789466857	177	10455	138096494	138107126	1	6:138106947-138107124	6:138096494-138107126
6	149863306	149863405	ENST00000239367_1	99	-	149863306	149863405	0	1	99	0	ENST00000239367	99	-18.978373684064305	-18.978373684064305	-0.47368686692318834	-10.663899922370911	-17.507360785147142	-17.507360785147142	-0.13769618392230254	9.17300033569336	99	10148	149853160	149863407	2	6:149863306-149863405	6:149853160-149863407
6	155314107	155314293	ENST00000367166_1	186	-	155314107	155314293	0	1	186	0	ENST00000367166	186	-25.09822568453608	-22.554155957794958	-0.4235430103513883	-10.30860002040863	-24.662916630921643	-23.90524843976223	-0.2430998166983759	-1.1616000294685365	186	2770	155311339	155314295	1	6:155314107-155314293	6:155311339-155314295
6	158644576	158644681	ENST00000367089_1	105	-	158644576	158644681	0	1	105	0	ENST00000367089	105	-23.463314332848505	-13.047400051781109	-0.11973737152246287	-17.00913364092509	-16.68093743009731	-16.252098857811887	-0.2535868848349945	0.23600000143051147	105	3216	158641360	158644681	2	6:158644576-158644681	6:158641360-158644681
6	159789183	159789402	ENST00000321394_1	219	-	159789183	159789402	0	1	219	0	ENST00000321394	219	-21.521245489793795	-21.521245489793795	-1.018045664733046	-6.63390007019043	-15.760615313631282	-15.760615313631282	-0.9089304890582808	10.866999626159668	219	1042	159788143	159789404	1	6:159789183-159789402	6:159788143-159789404
6	169723715	169723844	ENST00000339209_1	129	-	169723715	169723844	0	1	129	0	ENST00000339209	129	-7.367380982353573	-4.008873008901165	-0.4341782906603487	-1.301500004529953	-17.143948225002077	-17.143948225002077	-0.773141535598599	1.3925000786781312	129	2604	169721111	169723844	3	6:169723715-169723844	6:169721111-169723844
6	169751287	169751338	ENST00000366774_1	51	-	169751287	169751338	0	1	51	0	ENST00000366774	51	-7.102761785189311	-4.7685997050255535	0.7750196027039897	-0.23961899394080752	-14.745378800313125	-14.745378800313125	-0.3033649059840702	5.225000023841858	51	7013	169744274	169751338	2	6:169751287-169751338	6:169744274-169751338
7	2355422	2355596	ENST00000360876_1	174	+	2355422	2355596	0	1	174	0	ENST00000360876	174	-13.02618960239764	-12.143632161612997	-0.49388505374589914	-3.5083000004291534	-15.84511755149278	-15.774586360497352	-0.5404509256877378	6.513999938964844	174	5115	2355420	2360709	3	7:2355422-2355596	7:2355420-2360709
7	6009498	6009696	ENST00000223029_1	198	+	6009498	6009696	0	1	198	0	ENST00000223029	198	-15.00727123224129	-12.5986461282781	-0.3073131261138255	-2.359499931335449	-13.628024506340571	-13.208861597445432	-0.33331960277592987	NaN	198	5449	6009498	6015145	1	7:6009498-6009696	7:6009498-6015145
7	7969809	7970100	ENST00000223145_1	291	+	7969809	7970100	0	1	291	0	ENST00000223145	291	-11.565804127718984	-8.870580772917295	2.97953609113111	-1.5375999689102173	-23.356071124403645	-23.056064598640837	0.7646995761784753	5.763000011444092	291	33809	7969807	8003907	1	7:7969809-7970100	7:7969807-8003907
7	23106146	23106167	ENST00000339077_1	21	+	23106146	23106167	0	1	21	0	ENST00000339077	21	-15.069142682211739	-11.076952593667167	2.635380962065288		-18.37372222810195	-18.37372222810195	0.22484668800212146	4.517000198364258	21	17609	23106146	23123776	3	7:23106146-23106167	7:23106146-23123776
7	23182208	23182235	ENST00000258742_1	27	+	23182208	23182235	0	1	27	0	ENST00000258742	27	-20.273666540781658	-16.8038144464846	-0.02937035717897945		-19.36686656035698	-18.870581409197737	-0.037793931432463346	8.303000450134277	27	2836	23182206	23185069	3	7:23182208-23182235	7:23182206-23185069
7	23299610	23299898	ENST00000466681_1	288	+	23299610	23299898	0	1	288	0	ENST00000466681	288	-24.086552244766306	-22.80231593696711	-0.39616319282100043	-14.039100348949432	-24.99359867754224	-24.684471408874114	-0.0001104052874087623	-3.902299911528826	288	942	23299608	23300838	3	7:23299610-23299898	7:23299608-23300838
7	32957795	32957987	ENST00000242209_1	192	+	32957795	32957987	0	1	192	0	ENST00000242209	192	-13.87829687492922	-13.87829687492922	-0.09379166452041925	-1.3833999395370484	-16.405223946778865	-15.660579156963049	-0.16139904084414863	9.572999954223633	192	16630	32957794	32974616	3	7:32957795-32957987	7:32957794-32974616
7	39566547	39566691	ENST00000223273_1	144	+	39566547	39566691	0	1	144	0	ENST00000223273	144	-19.998395828840632	-19.998395828840632	-0.48529167125687106	-5.408800005912781	-24.697075531703963	-22.772792303519623	1.206070071033282	9.479999542236328	144	3814	39566547	39570505	1	7:39566547-39566691	7:39566547-39570505
7	43926556	43926844	ENST00000222402_1	288	+	43926556	43926844	0	1	288	0	ENST00000222402	288	-14.471452530944033	-10.51517546009599	-0.5102465264628537	-7.330799984931946	-10.173862403785181	-10.173862403785181	-0.09904175436563183	9.41100025177002	288	11586	43926556	43938430	2	7:43926556-43926844	7:43926556-43938430
7	44796793	44796859	ENST00000468812_1	66	+	44796793	44796859	0	1	66	0	ENST00000468812	66	-23.082727229053322	-16.784045400944624	0.23243938485216914	-18.74080023765564	-15.433960275048667	-14.368853994009948	0.09465663175365358	4.440999805927277	66	2387	44796793	44799246	2	7:44796793-44796859	7:44796793-44799246
7	64794571	64794724	ENST00000307355_1	153	+	64794571	64794724	0	1	153	0	ENST00000307355	153	NaN	NaN	-3.9873333300153413	NaN	NaN	NaN	-2.4758774143896587	NaN	153	20193	64794571	64814917	2	7:64794571-64794724	7:64794571-64814917
7	64903419	64903515	ENST00000476120_1	96	+	64903419	64903515	0	1	96	0	ENST00000476120	96	NaN	NaN	-2.555208328682056	NaN	-6.706705931354971	-6.083249980376826	-2.189468825848132	6.8379998207092285	96	13514	64903419	64917029	1	7:64903419-64903515	7:64903419-64917029
7	76048226	76048307	ENST00000315758_1	81	+	76048226	76048307	0	1	81	0	ENST00000315758	81	-24.938555566395667	-19.907814891250045	0.4894411703640157	-15.529300105571746	-16.82115953059061	-16.82115953059061	-0.13616574990050245	4.146999955177307	81	6522	76048226	76054829	3	7:76048226-76048307	7:76048226-76054829
7	77697057	77697336	ENST00000334955_1	279	+	77697057	77697336	0	1	279	0	ENST00000334955	279	-17.016419315690634	-13.611824265464232	0.838516125151734	-1.4728000268340111	-13.661640684741238	-13.574086830472467	-0.03227201307824031	11.932000160217285	279	39075	77697055	77736409	1	7:77697057-77697336	7:77697055-77736409
7	90346774	90346894	ENST00000222511_1	120	+	90346774	90346894	0	1	120	0	ENST00000222511	120	-28.122625011205674	-25.913591595490775	-0.5277166620556576	-19.9161997795105	-27.448760420301763	-25.534424331202512	0.10312934562892362	6.478500247001648	120	5921	90346774	90352815	2	7:90346774-90346894	7:90346774-90352815
7	97117897	97117960	ENST00000432641_1	63	+	97117897	97117960	0	1	63	0	ENST00000432641	63	-24.38409499327342	-24.38409499327342	0.6333650731230303	-17.430299961566924	-21.59626063672132	-21.325829682688358	0.11290661455268997	4.781000137329102	63	18427	97117897	97136387	2	7:97117897-97117960	7:97117897-97136387
7	100148975	100149209	ENST00000341942_1	234	+	100148975	100149209	0	1	234	0	ENST00000341942	234	-25.989218140259766	-24.262705019396595	0.6153290627253616	-11.97909984588623	-25.078856672961397	-21.64254687695561	0.20527681679171622	-13.166899919509888	234	289	100148975	100149498	3	7:100148975-100149209	7:100148975-100149498
7	102396537	102396801	ENST00000397912_1	264	+	102396537	102396801	0	1	264	0	ENST00000397912	264	-20.65711501197911	-20.65711501197911	-0.1424772723897177	-6.4887001514434814	-15.31173983026136	-15.31173983026136	-0.19179624635723092	0.07160000801086426	264	818	102396537	102397619	1	7:102396537-102396801	7:102396537-102397619
7	127588567	127588804	ENST00000000233_1	237	+	127588567	127588804	0	1	237	0	ENST00000000233	237	-15.258075964978978	-10.964248997658366	1.8738054053304163	-0.46200028955936434	-15.238689303078822	-15.238689303078822	1.8086039267927774	-1.9570001244544983	237	280	127588565	127589082	2	7:127588567-127588804	7:127588565-127589082
7	127652451	127652604	ENST00000354725_1	153	+	127652451	127652604	0	1	153	0	ENST00000354725	153	-21.451353061432933	-21.451353061432933	1.5422810564864597	-3.9202003955841063	-20.012022691708484	-20.012022691708484	0.23088497008733533	6.238999843597412	153	34008	127652451	127686612	1	7:127652451-127652604	7:127652451-127686612
7	128863063	128863162	ENST00000249289_1	99	+	128863063	128863162	0	1	99	0	ENST00000249289	99	-28.02042430819887	-17.7555151732281	0.5240106351495265	-12.132400298118592	-18.50466824168853	-18.50466824168853	-0.13921550961612741	0.7901249527931213	99	2215	128863062	128865376	2	7:128863063-128863162	7:128863062-128865376
7	135557974	135558007	ENST00000285968_1	33	+	135557974	135558007	0	1	33	0	ENST00000285968	33	-36.09163697199388	-9.828727162245547	0.7962121230437222	-35.84470058679581	-14.48696231186421	-14.48696231186421	-0.22624025147215698	6.60999970138073	33	13099	135557972	135571104	2	7:135557974-135558007	7:135557972-135571104
7	139231952	139232111	ENST00000473989_1	159	+	139231952	139232111	0	1	159	0	ENST00000473989	159	-9.855792427013787	-7.89434584305159	1.1350326850626837	-0.3686999687924981	-24.791042067917743	-23.478015045334562	0.2607716352406236	1.3965553177727594	159	4893	139231952	139237004	3	7:139231952-139232111	7:139231952-139237004
7	139360324	139360441	ENST00000354926_1	117	+	139360324	139360441	0	1	117	0	ENST00000354926	117	-7.857128153244655	-6.945367556479242	3.637017091879478	4.323600110411644	-22.11297436586205	-22.11297436586205	1.3481491999436774	7.899999761581421	117	15622	139360322	139376061	2	7:139360324-139360441	7:139360322-139376061
7	143263585	143263627	ENST00000358406_1	42	+	143263585	143263627	0	1	42	0	ENST00000358406	42	-10.645857163837977	-10.645857163837977	0.5068333272245669	-5.263699865341186	-23.740310017263525	-23.740310017263525	-0.39090829729011045	-10.536600065231323	42	458	143263585	143264085	2	7:143263585-143263627	7:143263585-143264085
7	149262357	149262411	ENST00000434415_1	54	+	149262357	149262411	0	1	54	0	ENST00000434415	54	-6.572722247077359	-6.572722247077359	0.5855370442624446	-0.7127000689506531	-12.661840172617781	-11.703466942747177	-0.5050706585781034	1.527999997138977	54	3923	149262357	149266334	1	7:149262357-149262411	7:149262357-149266334
7	149715066	149715186	ENST00000496259_1	120	+	149715066	149715186	0	1	120	0	ENST00000496259	120	-20.130842028479826	-16.23499141391526	0.23069167564002177	-7.888399958610535	-17.501973816726746	-17.501973816726746	-0.1382670053619909	1.4079999923706055	120	4359	149715066	149719545	1	7:149715066-149715186	7:149715066-149719545
7	149838635	149838734	ENST00000223210_1	99	+	149838635	149838734	0	1	99	0	ENST00000223210	99	-15.168515393228242	-13.252747287653913	0.5016666659074036	-5.046499943733215	-19.947271778915336	-19.947271778915336	0.01312383212281161	4.686999797821045	99	5890	149838635	149844624	3	7:149838635-149838734	7:149838635-149844624
7	157139338	157139572	ENST00000348165_1	234	+	157139338	157139572	0	1	234	0	ENST00000348165	234	-6.438057941371116	-5.639817720652597	-0.4905371163975789	3.553571249757494	-13.154026251305956	-13.043514825476798	-0.4024864739657266	8.555999755859375	234	24237	157139338	157163809	2	7:157139338-157139572	7:157139338-157163809
7	5513383	5513656	ENST00000382368_1	273	-	5513383	5513656	0	1	273	0	ENST00000382368	273	-25.25389738746615	-25.25389738746615	-0.29236630563651494	-13.950100088119507	-12.845275288952244	-12.778592497198655	-0.8699225178108781	9.274999618530273	273	7753	5505630	5513656	2	7:5513383-5513656	7:5505630-5513656
7	6348473	6348572	ENST00000578372_1	99	-	6348473	6348572	0	1	99	0	ENST00000578372	99	-14.634818245741455	-14.634818245741455	0.16654544821328887	-7.945000171661377	-13.125373948926493	-13.125373948926493	-0.5193634542228159	5.312999725341797	99	17238	6331235	6348572	3	7:6348473-6348572	7:6331235-6348572
7	23531698	23531788	ENST00000297071_1	90	-	23531698	23531788	0	1	90	0	ENST00000297071	90	-4.75358896076731	0.9419333855311076	4.183833331035244	5.93469984869007	-19.481996354668468	-18.88936939038608	0.9619125526297391	6.940999984741211	90	9858	23521840	23531788	2	7:23531698-23531788	7:23521840-23531788
7	26200541	26200571	ENST00000618183_1	30	-	26200541	26200571	0	1	30	0	ENST00000618183	30	-9.984200191497802	-2.5904666622479757	6.505866646394134	-9.984200191497802	-25.97263074297382	-25.201902743711525	0.5169360245137415	5.979199779033661	30	2675	26197866	26200571	3	7:26200541-26200571	7:26197866-26200571
7	27164719	27164875	ENST00000343483_1	156	-	27164719	27164875	0	1	156	0	ENST00000343483	156	-16.29146150060189	-16.29146150060189	2.2423910182447004	-7.47490006685257	-22.172137567197733	-22.172137567197733	0.9881943195185159	-4.054599767923355	156	880	27163841	27164877	2	7:27164719-27164875	7:27163841-27164877
7	40134171	40134228	ENST00000306984_1	57	-	40134171	40134228	0	1	57	0	ENST00000306984	57	-10.899210409114236	-7.444052570744565	2.51596490751233	-1.1854998350143433	-23.983921122483974	-23.983921122483974	0.5104232427439185	0.39529983401298524	57	912	40133259	40134228	1	7:40134171-40134228	7:40133259-40134228
7	43869405	43869456	ENST00000317534_1	51	-	43869405	43869456	0	1	51	0	ENST00000317534	51	-25.136745034479627	-16.522705858244617	-0.7265294058723193	-15.851299989223481	-26.034413748774035	-26.034413748774035	0.610551732371497		51	29	43869376	43869456	1	7:43869405-43869456	7:43869376-43869456
7	44490288	44490408	ENST00000355451_1	120	-	44490288	44490408	0	1	120	0	ENST00000355451	120	-14.991816596190136	-14.991816596190136	-0.14235833886389931	-10.78289978504181	-21.09148706365593	-19.887401585555395	-0.2187357356948722	3.0555001497268677	120	5004	44485284	44490408	1	7:44490288-44490408	7:44485284-44490408
7	44582032	44582044	ENST00000457408_1	12	-	44582032	44582044	0	1	12	0	ENST00000457408	12	-14.5949999888738	-9.792499899864197	3.8657499998807907		-17.072492511679485	-16.94485083136421	0.6914454936734026	-3.2844000339508055	12	211	44581823	44582046	2	7:44582032-44582044	7:44581823-44582046
7	55572096	55572270	ENST00000285279_1	174	-	55572096	55572270	0	1	174	0	ENST00000285279	174	-12.141925254515533	-12.141925254515533	-0.29116666700219973	0.6336000382900238	-16.939433966201538	-16.939433966201538	-0.31164502810205535	9.797499537467957	174	50966	55521130	55572270	1	7:55572096-55572270	7:55521130-55572270
7	64562765	64562924	ENST00000309683_1	159	-	64562765	64562924	0	1	159	0	ENST00000309683	159	NaN	NaN	-2.9120566070009515	NaN	-7.460708934813738	-5.507667493261397	-2.0152957620904277	8.569000244140625	159	18333	64544432	64562924	3	7:64562765-64562924	7:64544432-64562924
7	73719400	73719601	ENST00000222812_1	201	-	73719400	73719601	0	1	201	0	ENST00000222812	201	-18.92682097285096	-9.941954527953357	0.8358656673967857	-0.18020007411638897	-20.902155167719638	-19.73579298102581	-0.033824433112916136	7.210000038146973	201	10278	73709122	73719601	2	7:73719400-73719601	7:73709122-73719601
7	75073251	75073413	ENST00000610322_1	162	-	75073251	75073413	0	1	162	0	ENST00000610322	162	-23.410000056122083	-14.655830272526112	-0.6376111132702158	-12.080700089037418	-12.921987529061363	-11.647576560870037	-0.4246462478692989	2.7320001125335693	162	2482	75070769	75073413	1	7:75073251-75073413	7:75070769-75073413
7	88219819	88219975	ENST00000265729_1	156	-	88219819	88219975	0	1	156	0	ENST00000265729	156	-21.751173134415577	-18.155346376869158	-0.1616410240351867	-9.255199813842774	-26.285871039137053	-24.50607177799239	-0.09234827693027241	-6.245333154996236	156	877	88218942	88219975	2	7:88219819-88219975	7:88218942-88219975
7	99408290	99408533	ENST00000350498_1	243	-	99408290	99408533	0	1	243	0	ENST00000350498	243	-19.37859262618018	-19.37859262618018	0.590349799139452	-3.3582000017166136	-20.819980731156164	-20.113806197453417	0.19109882210912899	9.810999870300293	243	3339	99404953	99408535	3	7:99408290-99408533	7:99404953-99408535
7	99465898	99466108	ENST00000292475_1	210	-	99465898	99466108	0	1	210	0	ENST00000292475	210	-25.494490415638403	-25.494490415638403	-0.3580523774781752	-10.724599577486515	-16.649373826532248	-15.158652990542594	-0.14378146217094648	5.414499998092651	210	5707	99460193	99466110	2	7:99465898-99466108	7:99460193-99466110
7	99918987	99919008	ENST00000349062_1	21	-	99918987	99919008	0	1	21	0	ENST00000349062	21	1.8313333285706384	1.8313333285706384	0.8666666864994026		-10.947347707484823	-10.947347707484823	0.18061387867690695	6.835000038146973	21	9327	99909660	99919008	1	7:99918987-99919008	7:99909660-99919008
7	123557741	123557774	ENST00000355749_1	33	-	123557741	123557774	0	1	33	0	ENST00000355749	33	-13.333272933959961	-13.333272933959961	1.0148484825410626	-13.252900218963623	-26.374832769506213	-25.410334431880976	-0.26568942013555824	-16.25980031490326	33	293	123557448	123557774	3	7:123557741-123557774	7:123557448-123557774
7	129054593	129054650	ENST00000265388_1	57	-	129054593	129054650	0	1	57	0	ENST00000265388	57	-11.843473788939024	-6.368175379016943	1.9335438445733304	-8.7080002784729	-13.378712080453699	-13.378712080453699	0.19734732935392804	9.993000030517578	57	36436	129018157	129054650	3	7:129054593-129054650	7:129018157-129054650
7	130205246	130205372	ENST00000397622_1	126	-	130205246	130205372	0	1	126	0	ENST00000397622	126	-26.714571269849937	-24.61915911473925	0.7985793744871718	-14.960299842059612	-24.379958481491077	-21.57036379767483	0.004609390569439796	3.937000036239624	126	1136	130204110	130205372	3	7:130205246-130205372	7:130204110-130205372
7	133081751	133081856	ENST00000262570_1	105	-	133081751	133081856	0	1	105	0	ENST00000262570	105	-23.769314214161465	-19.976609586959793	1.0022285698336504	-0.3926001310348511	-22.826981176421704	-22.201603236651	0.11790612942632894	8.508999824523926	105	11522	133070229	133081856	3	7:133081751-133081856	7:133070229-133081856
7	134458714	134458996	ENST00000285930_1	282	-	134458714	134458996	0	1	282	0	ENST00000285930	282	-24.87654615167185	-19.456492866316797	-0.685113472066463	-9.079000115394592	-18.96012773815242	-18.96012773815242	-0.3432189957461077	8.020000457763672	282	6961	134451753	134458996	2	7:134458714-134458996	7:134451753-134458996
7	138001357	138001603	ENST00000330387_1	246	-	138001357	138001603	0	1	246	0	ENST00000330387	246	-15.349394235245096	-15.349394235245096	0.05975610401947051	-7.298300194740295	-22.378683031083675	-22.28856668690751	-0.04836349901987134	15.383999824523926	246	72991	137928366	138001603	2	7:138001357-138001603	7:137928366-138001603
7	151080481	151080682	ENST00000297532_1	201	-	151080481	151080682	0	1	201	0	ENST00000297532	201	-13.482890445794633	-13.482890445794633	1.357442783034263	-4.2064001083374025	-19.501654158221847	-15.16101784263065	1.4763244226769545	-4.399399846792221	201	561	151079922	151080684	2	7:151080481-151080682	7:151079922-151080684
8	11802931	11802997	ENST00000220584_1	66	+	11802931	11802997	0	1	66	0	ENST00000220584	66	-21.3395454341715	-13.935576087597644	0.8827575854674885	-15.646200060844421	-15.737661554206632	-15.737661554206632	-0.17558497589392513	20.290000331401824	66	5796	11802931	11808793	2	8:11802931-11802997	8:11802931-11808793
8	19817666	19817933	ENST00000397977_1	267	+	19817666	19817933	0	1	267	0	ENST00000397977	267	-16.1311446074733	-14.070598443349203	-0.5539850203969171	-3.460600073635578	-22.03691417146364	-17.87758881894089	-0.5351671569958831	-7.698699998855591	267	341	19817666	19818274	3	8:19817666-19817933	8:19817666-19818274
8	22599762	22600035	ENST00000289989_1	273	+	22599762	22600035	0	1	273	0	ENST00000289989	273	-19.149914705171817	-18.666837367585035	-0.3616666674009275	7.691999912261963	-23.78767808481067	-23.40267575374049	-0.20151865041969405	-2.264100122451782	273	848	22599760	22600881	1	8:22599762-22600035	8:22599760-22600881
8	28093235	28093517	ENST00000256398_1	282	+	28093235	28093517	0	1	282	0	ENST00000256398	282	-30.443064067274967	-19.463354861123427	-0.3518333355177868	-20.46849980354309	-21.87172279158499	-21.247379421547308	-0.05675873273770248	7.7210001945495605	282	3703	28093233	28097218	3	8:28093235-28093517	8:28093233-28097218
8	32548828	32548963	ENST00000405005_1	135	+	32548828	32548963	0	1	135	0	ENST00000405005	135	-15.92191695753071	-13.833921019183961	0.08421641333487385	-6.556166822711627	-23.59876504769751	-23.59876504769751	0.11279333319018131	5.2729997634887695	135	46866	32548826	32595827	2	8:32548828-32548963	8:32548826-32595827
8	37762758	37762884	ENST00000328195_1	126	+	37762758	37762884	0	1	126	0	ENST00000328195	126	-13.673690571139256	-13.673690571139256	1.797095242115329	0.2522999167442322	-21.431644155114586	-20.574997591055787	-0.20868586749196075	0.054999999701976776	126	2641	37762758	37765525	1	8:37762758-37762884	8:37762758-37765525
8	38787744	38787948	ENST00000317827_1	204	+	38787744	38787948	0	1	204	0	ENST00000317827	204	-16.926808834952467	-12.80843130922785	1.13974019331748	-4.343600088357926	-18.177157005471344	-18.177157005471344	0.16437619193646488	28.420300006866455	204	37360	38787743	38825307	1	8:38787744-38787948	8:38787743-38825307
8	41490965	41491157	ENST00000357743_1	192	+	41490965	41491157	0	1	192	0	ENST00000357743	192	-26.786702972836792	-21.224770708203625	0.10318228751809026	-12.959699726104736	-19.519844581560417	-19.519844581560417	0.1456607697315454	6.991000175476074	192	6351	41490965	41497508	3	8:41490965-41491157	8:41490965-41497508
8	48008472	48008496	ENST00000523111_1	24	+	48008472	48008496	0	1	24	0	ENST00000523111	24	-16.858624547719955	-13.652875279386839	1.3568749803428848		-14.931987746879823	-14.89408017659739	-0.34298212631094854	10.418000221252441	24	34538	48008470	48043032	1	8:48008472-48008496	8:48008470-48043032
8	103371806	103372100	ENST00000330295_1	294	+	103371806	103372100	0	1	294	0	ENST00000330295	294	-27.52786736045869	-22.278459225990336	0.05644217910455717	-14.427800142765046	-22.98466791145776	-21.72233908165484	0.395012393032808	-1.1156000651419162	294	3637	103371806	103375737	3	8:103371806-103372100	8:103371806-103375737
8	109334474	109334618	ENST00000521688_1	144	+	109334474	109334618	0	1	144	0	ENST00000521688	144	0.35591676862289506	0.35591676862289506	6.000236117707876	9.137200117111206	-19.982029920781752	-19.758377361535405	0.5971635631153247	1.4069000482559204	144	1509	109334474	109336127	3	8:109334474-109334618	8:109334474-109336127
8	123768774	123769056	ENST00000334705_1	282	+	123768774	123769056	0	1	282	0	ENST00000334705	282	-25.134851150373194	-17.87989724559564	-0.16052836929414924	-8.344200107455254	-24.130084082475083	-24.130084082475083	0.18992264005818085	0.9005000174045563	282	5023	123768774	123774079	1	8:123768774-123769056	8:123768774-123774079
8	127736623	127736701	ENST00000621592_1	78	+	127736623	127736701	0	1	78	0	ENST00000621592	78	-33.17384597429862	-25.106461573678715	0.6635256315259119	-15.243599987030029	-20.659039689103118	-20.659039689103118	1.006841933797737	5.570900031924248	78	1549	127736623	127738250	2	8:127736623-127736701	8:127736623-127738250
8	131904324	131904498	ENST00000254624_1	174	+	131904324	131904498	0	1	174	0	ENST00000254624	174	-14.816344888559703	-12.66559209503319	0.5118965441093448	-8.196400275826454	-21.45937216158977	-21.399072084899196	0.06414755514413195	26.649199724197388	174	36002	131904322	131940498	1	8:131904324-131904498	8:131904322-131940498
8	23682430	23682601	ENST00000380871_1	171	-	23682430	23682601	0	1	171	0	ENST00000380871	171	-24.48539772438027	-22.068561409300532	-0.6005906418036692	-11.303999972343444	-24.525574935057577	-24.525574935057577	0.29567969957170454	-4.676700019836426	171	793	23681639	23682603	2	8:23682430-23682601	8:23681639-23682603
8	56074299	56074380	ENST00000009589_1	81	-	56074299	56074380	0	1	81	0	ENST00000009589	81	-24.189611203140682	-17.087597242659992	-0.45606172897703484	-12.935099919637045	-22.19003565540271	-22.19003565540271	-1.4743857168534305	-13.440199995040894	81	140	56074159	56074380	1	8:56074299-56074380	8:56074159-56074380
8	61714221	61714266	ENST00000379454_1	45	-	61714221	61714266	0	1	45	0	ENST00000379454	45	-20.64933362007141	-19.897733195622763	0.4177555558789108	-17.83590006828308	-21.689350232818004	-21.689350232818004	-0.022555697251376673	6.110000133514404	45	30035	61684188	61714268	1	8:61714221-61714266	8:61684188-61714268
8	66612583	66612817	ENST00000522677_1	234	-	66612583	66612817	0	1	234	0	ENST00000522677	234	-26.122602519443912	-17.994064101041893	0.5633162368351642	-3.8617998600006103	-22.47076375996289	-22.049976312635533	0.6028570125966006	7.306000232696533	234	10061	66602523	66612818	2	8:66612583-66612817	8:66602523-66612818
8	80029933	80030035	ENST00000276585_1	102	-	80029933	80030035	0	1	102	0	ENST00000276585	102	-24.433686200310202	-24.433686200310202	-1.3156938662714497	-16.45340027809143	-19.05246125179755	-19.05246125179755	0.033778819115054065	4.636000156402588	102	26753	80003180	80030035	2	8:80029933-80030035	8:80003180-80030035
8	86508422	86508491	ENST00000406452_1	69	-	86508422	86508491	0	1	69	0	ENST00000406452	69	-25.31843500616758	-20.962115736975186	0.1796956476687953	-21.071900534629822	-22.380159996595047	-20.901281244725592	-0.007652107078021828	-0.8173333803812662	69	1310	86507112	86508491	3	8:86508422-86508491	8:86507112-86508491
8	102655466	102655565	ENST00000285407_1	99	-	102655466	102655565	0	1	99	0	ENST00000285407	99	-23.926909107150454	-15.516212010925466	1.0801818229145173	-10.774299776554107	-18.81564568642114	-17.734769577419787	0.7082010474316435	8.052200144529342	99	3069	102652397	102655565	3	8:102655466-102655565	8:102652397-102655565
8	120444989	120445067	ENST00000306185_1	78	-	120444989	120445067	0	1	78	0	ENST00000306185	78	-33.01857709196898	-27.19558969522134	-0.22400000261274192	-26.00380043387413	-21.448032967656815	-20.97704246303325	-0.12198453298689557	-7.458099946379662	78	1681	120443308	120445067	3	8:120444989-120445067	8:120443308-120445067
8	123041837	123041969	ENST00000259512_1	132	-	123041837	123041969	0	1	132	0	ENST00000259512	132	-21.625454587015238	-15.28280308842659	1.4534924305326333	-10.643100029230117	-23.70722870286087	-23.061714586954277	0.11465179083419039	2.668111162053214	132	11121	123030716	123041969	3	8:123041837-123041969	8:123030716-123041969
8	132675433	132675481	ENST00000620350_1	48	-	132675433	132675481	0	1	48	0	ENST00000620350	48	-31.654853944977123	-18.599958372612793	0.24300000226746002	-20.79380017121633	-17.859720449180017	-17.859720449180017	-0.15860328937689902	4.833999872207642	48	13808	132661627	132675483	2	8:132675433-132675481	8:132661627-132675483
8	144103405	144103552	ENST00000398712_1	147	-	144103405	144103552	0	1	147	0	ENST00000398712	147	-22.89126227161986	-16.813872317367412	0.13039258853014973	-8.16500021304403	-25.945263267260547	-21.074011805113297	-0.1371528622983498	-13.870600080490112	147	180	144103225	144103552	2	8:144103405-144103552	8:144103225-144103552
8	144462021	144462282	ENST00000530374_1	261	-	144462021	144462282	0	1	261	0	ENST00000530374	261	-16.588126856611954	-16.588126856611954	0.7308773926675134	6.235599935427308	-20.675108072128968	-19.324578520248885	0.008153154842168504	4.710700041055679	261	10738	144453460	144464459	1	8:144462021-144462282	8:144453460-144464459
8	144517670	144517700	ENST00000617875_1	30	-	144517670	144517700	0	1	30	0	ENST00000617875	30	-15.935099887847901	-14.748399784167608	0.008833317086100578	-15.935099887847901	-27.318600000653948	-20.06142827783312	0.6974571417218872	-24.37953322728475	30	35	144517635	144517700	3	8:144517670-144517700	8:144517635-144517700
9	12776027	12776171	ENST00000319264_1	144	+	12776027	12776171	0	1	144	0	ENST00000319264	144	-31.051383099657425	-20.666865131533736	0.010180558883196985	-25.127555582258438	-25.42207509123351	-25.42207509123351	0.15097796169074135	12.678000450134277	144	45214	12776027	12821385	3	9:12776027-12776171	9:12776027-12821385
9	33265147	33265159	ENST00000223500_1	12	+	33265147	33265159	0	1	12	0	ENST00000223500	12	-2.687250256538391	-2.687250256538391	4.438000017156203		-29.964749347610812	-27.84276567114236	0.20682235231349136	-7.372500061988831	12	850	33265147	33266009	2	9:33265147-33265159	9:33265147-33266009
9	71911836	71911866	ENST00000334731_1	30	+	71911836	71911866	0	1	30	0	ENST00000334731	30	-15.692399954795837	-3.423166655997435	2.1557333409165342	-15.692399954795837	-18.46293975064252	-18.203054162881262	0.24587676560447827	6.770000159740448	30	35139	71911836	71947005	1	9:71911836-71911866	9:71911836-71947005
9	78297270	78297459	ENST00000376588_1	189	+	78297270	78297459	0	1	189	0	ENST00000376588	189	-20.56131757287279	-20.56131757287279	-0.3249767399609609	-9.581100034713746	-21.26463463985576	-21.26463463985576	-0.16427384825533808	1.5980000495910645	189	3142	78297270	78300601	1	9:78297270-78297459	9:78297270-78300601
9	89311352	89311424	ENST00000314355_1	72	+	89311352	89311424	0	1	72	0	ENST00000314355	72	-15.852583358685175	-15.852583358685175	0.037310335803214974	-10.173200273513794	-20.241669603132316	-19.67817093527978	-0.297780526589215	0.8001998782157898	72	3746	89311351	89315169	3	9:89311352-89311424	9:89311351-89315169
9	89318612	89318864	ENST00000375807_1	252	+	89318612	89318864	0	1	252	0	ENST00000375807	252	-18.040833316033794	-16.20711898859886	-0.692161287588533	-4.8660998940467834	-28.768581992637703	-25.874706435082373	-0.35472739050817337	-11.608499827980996	252	787	89318612	89319651	3	9:89318612-89318864	9:89318612-89319651
9	92326106	92326220	ENST00000375587_1	114	+	92326106	92326220	0	1	114	0	ENST00000375587	114	-15.498210443085746	-14.266500001936627	-0.7215321073949406	-4.558700013160705	-16.682882171284348	-16.682882171284348	-0.09371489057550918	4.5370001792907715	114	5950	92326105	92332169	3	9:92326106-92326220	9:92326105-92332169
9	97633917	97634082	ENST00000375147_1	165	+	97633917	97634082	0	1	165	0	ENST00000375147	165	-29.91283646957441	-24.483103014122356	0.4046969745061219	-16.872000086307526	-23.636659804925237	-23.050765085457684	0.18863894212551624	-1.056599998474121	165	6713	97633915	97640793	1	9:97633917-97634082	9:97633915-97640793
9	101399189	101399330	ENST00000339664_1	141	+	101399189	101399330	0	1	141	0	ENST00000339664	141	-23.441638134895488	-15.921078122465323	0.04309220452948163	-14.256300067901611	-26.686160923128316	-22.965332772266155	0.6962188056945484	-13.363800001144408	141	553	101399189	101399883	3	9:101399189-101399330	9:101399189-101399883
9	107283695	107283980	ENST00000358015_1	285	+	107283695	107283980	0	1	285	0	ENST00000358015	285	-17.55024173102536	-13.151271751852356	0.22301403389214294	-2.1784000396728516	-18.602600107325394	-18.429367488435393	0.046443920350244146	12.37600040435791	285	16160	107283695	107300140	3	9:107283695-107283980	9:107283695-107300140
9	111661715	111661862	ENST00000374293_1	147	+	111661715	111661862	0	1	147	0	ENST00000374293	147	-12.124446767600293	-10.566652430393171	-0.6987551007875983	-0.013900113850831985	-19.672391957181553	-19.57340223625601	-0.07844894619294472	5.2829999923706055	147	4952	111661715	111666814	3	9:111661715-111661862	9:111661715-111666814
9	127803062	127803122	ENST00000373247_1	60	+	127803062	127803122	0	1	60	0	ENST00000373247	60	-27.715578637625043	-17.896999884534765	0.6140499967771272	-23.192110776901245	-28.344446115644406	-26.206543532428533	0.05572891347118286	-6.256999999284744	60	1162	127803062	127804284	3	9:127803062-127803122	9:127803062-127804284
9	128276403	128276541	ENST00000418976_1	138	+	128276403	128276541	0	1	138	0	ENST00000418976	138	-23.501760581265327	-23.501760581265327	-0.40856250134311267	-12.833899593353271	-20.125620308840933	-20.125620308840933	0.5143305290520607	15.325399935245514	138	1072	128275496	128276706	1	9:128276403-128276541	9:128275496-128276706
9	128322930	128322990	ENST00000300452_1	60	+	128322930	128322990	0	1	60	0	ENST00000300452	60	-35.01410000324249	-18.863466980059943	0.020550000326087076	-24.741800260543823	-33.8255557484097	-33.8255557484097	0.7717407578947367		60	27	128322928	128323015	1	9:128322930-128322990	9:128322928-128323015
9	128702939	128703107	ENST00000291906_1	168	+	128702939	128703107	0	1	168	0	ENST00000291906	168	-19.362928499135055	-17.1222499508322	0.12522085508663047	-8.260799860954284	-18.91619001244061	-18.91619001244061	0.14955305328766344	6.142300003767014	168	2195	128702939	128705302	3	9:128702939-128703107	9:128702939-128705302
9	128819185	128819377	ENST00000372642_1	192	+	128819185	128819377	0	1	192	0	ENST00000372642	192	-17.682828087825328	-11.686656196601689	-0.36594270875502843	-10.63439998626709	-14.797017841014506	-14.797017841014506	-0.2954886105377056	7.732999801635742	192	1361	128819185	128820738	2	9:128819185-128819377	9:128819185-128820738
9	130579764	130579929	ENST00000319725_1	165	+	130579764	130579929	0	1	165	0	ENST00000319725	165	-14.017909015850588	-10.503169783724077	1.8428727266124703	-1.2147997260093688	-19.220077092252005	-19.220077092252005	-0.1233436753924434	9.07699966430664	165	15553	130579764	130595482	1	9:130579764-130579929	9:130579764-130595482
9	133348246	133348261	ENST00000323345_1	15	+	133348246	133348261	0	1	15	0	ENST00000323345	15	-30.48719940185547	-30.38579986890157	0.044733276963233946		-17.811795228648755	-15.6883825880431	-1.211980153096463	4.768714427947998	15	660	133348246	133348921	2	9:133348246-133348261	9:133348246-133348921
9	136791424	136791475	ENST00000290079_1	51	+	136791424	136791475	0	1	51	0	ENST00000290079	51	-22.21705907232621	-15.550019441866407	0.950843159839803	-21.052100360393524	-19.207485061249834	-19.207485061249834	-0.2200450501541045	-5.057699728012085	51	235	136791424	136791710	2	9:136791424-136791475	9:136791424-136791710
9	137188780	137188978	ENST00000322310_1	198	+	137188780	137188978	0	1	198	0	ENST00000322310	198	-20.06144440930987	-13.337107754059327	-0.8847717349974277	-2.004666566848755	-14.044741715608017	-12.747247083447455	-0.5169663035174769	-6.742300111055374	198	89	137188778	137189065	2	9:137188780-137188978	9:137188778-137189065
9	137205912	137205927	ENST00000684003_1	15	+	137205912	137205927	0	1	15	0	ENST00000684003	15	6.376599979400635	6.376599979400635	3.2269999967267116		-19.98277624149954	-14.872345347937785	-0.2833223738002983	-12.177699937671424	15	304	137205912	137206231	1	9:137205912-137205927	9:137205912-137206231
9	4740790	4740934	ENST00000381809_1	144	-	4740790	4740934	0	1	144	0	ENST00000381809	144	-23.344263753957218	-20.58312498529752	-0.7567083318596511	-10.143099880218506	-14.824905440085116	-14.490266019112306	-0.001731467518055793	10.569999694824219	144	18167	4722625	4740936	2	9:4740790-4740934	9:4722625-4740936
9	7799245	7799458	ENST00000358227_1	213	-	7799245	7799458	0	1	213	0	ENST00000358227	213	-23.10247615050702	-18.56266196568807	-0.7405841565151505	-8.831444289949205	-29.06457867891085	-29.06457867891085	-0.07189507901183803	-16.471199995279314	213	610	7798637	7799460	2	9:7799245-7799458	9:7798637-7799460
9	19380165	19380189	ENST00000380394_1	24	-	19380165	19380189	0	1	24	0	ENST00000380394	24	-65.20720787843068	-22.020958493153255	-0.5962916850112379		-28.666577808095834	-28.666577808095834	-0.6070950643554878	-5.183299953490495	24	547	19379618	19380189	1	9:19380165-19380189	9:19379618-19380189
9	32572643	32572880	ENST00000379847_1	237	-	32572643	32572880	0	1	237	0	ENST00000379847	237	-25.779253141035007	-25.779253141035007	-0.25917299696094975	-16.319400334358214	-26.105758781706733	-24.92107776267979	0.394928974699534	-10.660199995338917	237	1591	32571052	32572880	3	9:32572643-32572880	9:32571052-32572880
9	33166626	33166755	ENST00000379731_1	129	-	33166626	33166755	0	1	129	0	ENST00000379731	129	-23.00890702690727	-23.00890702690727	0.26068749923433643	-17.000799906253814	-21.16643120003375	-21.16643120003375	0.21173202665139848	7.485999822616577	129	31204	33135424	33166757	1	9:33166626-33166755	9:33135424-33166757
9	34637493	34637544	ENST00000277010_1	51	-	34637493	34637544	0	1	51	0	ENST00000277010	51	-28.348725608750886	-17.925431518578062	0.1633921580836542	-16.921300172805786	-47.408200083971025	-24.347453276316326	0.6560933324197928	-33.96853320896626	51	75	34637420	34637546	1	9:34637493-34637544	9:34637420-34637546
9	35079347	35079440	ENST00000378643_1	93	-	35079347	35079440	0	1	93	0	ENST00000378643	93	-28.877903343689056	-24.782774350976432	0.6534408579507883	-18.11880030632019	-32.468538163686695	-30.954650729543197	0.4062169808367232	-17.69169993698597	93	106	35079241	35079440	3	9:35079347-35079440	9:35079241-35079440
9	35814712	35814898	ENST00000259667_1	186	-	35814712	35814898	0	1	186	0	ENST00000259667	186	-26.999634315409967	-23.543983784076126	0.11193548637487355	-13.886099883913994	-27.197119970877427	-26.75510812882636	0.362955819453732	-10.3526664574941	186	928	35813784	35814898	2	9:35814712-35814898	9:35813784-35814898
9	37784684	37784720	ENST00000327304_1	36	-	37784684	37784720	0	1	36	0	ENST00000327304	36	-28.859249889850616	-10.562750042830077	0.7226666687056422	-28.252199912071227	-25.521811609808804	-25.35298068490293	0.10600321924451876	-8.2764000415802	36	621	37784063	37784720	3	9:37784684-37784720	9:37784063-37784720
9	83707280	83707499	ENST00000376395_1	219	-	83707280	83707499	0	1	219	0	ENST00000376395	219	-14.972835735098956	-14.825082107766034	0.37640182573463105	-1.186299777030945	-16.85938292817746	-16.84707905593514	0.10969704531381641	8.333000183105469	219	21125	83686155	83707499	3	9:83707280-83707499	9:83686155-83707499
9	92115232	92115313	ENST00000262554_1	81	-	92115232	92115313	0	1	81	0	ENST00000262554	81	-22.797456862014016	-20.14511133049741	-0.52227160421683	-12.346600031852722	-17.90039473000176	-16.928284225493726	-0.32001706823686576	4.281000137329102	81	2670	92112562	92115313	2	9:92115232-92115313	9:92112562-92115313
9	100098552	100098783	ENST00000262455_1	231	-	100098552	100098783	0	1	231	0	ENST00000262455	231	-20.495796476156166	-20.495796476156166	0.8794848435398118	2.3383001029491424	-19.76913463329274	-19.41936800265281	0.3215546433745904	5.5279998779296875	231	38380	100060172	100098783	1	9:100098552-100098783	9:100060172-100098783
9	122159341	122159626	ENST00000373768_1	285	-	122159341	122159626	0	1	285	0	ENST00000373768	285	-27.117139901738867	-21.28862360167888	0.4526842133436156	-10.49830002784729	-21.00023398001933	-19.11505406633087	0.008590861176862643	4.375999927520752	285	6933	122152408	122159626	2	9:122159341-122159626	9:122152408-122159626
9	124415287	124415362	ENST00000259457_1	75	-	124415287	124415362	0	1	75	0	ENST00000259457	75	-27.33676015853882	-21.570680017471314	-0.20653333745120714	-23.562500063578288	-27.251053740848224	-26.018402420849707	0.27053824262020754	-4.048099984228611	75	353	124414935	124415363	2	9:124415287-124415362	9:124414935-124415363
9	124861870	124861909	ENST00000348462_1	39	-	124861870	124861909	0	1	39	0	ENST00000348462	39	-38.072102289933426	-25.58407680804913	1.367999995366121	-28.93846656481425	-28.087663438341586	-26.701892040012513	-0.7705904735662487	-10.887800025939942	39	315	124861555	124861909	2	9:124861870-124861909	9:124861555-124861909
9	127451119	127451278	ENST00000361436_1	159	-	127451119	127451278	0	1	159	0	ENST00000361436	159	-18.1354463145418	-14.876283129056295	0.7373594749046283	-9.28193303346634	-24.891290163439155	-20.849627737179162	0.31710410060152433	-7.151700091362	159	317	127450804	127451280	2	9:127451119-127451278	9:127450804-127451280
9	127734952	127735117	ENST00000373284_1	165	-	127734952	127735117	0	1	165	0	ENST00000373284	165	-27.891473127702874	-19.924453173875808	-0.6476727301395978	-4.417000157758594	-21.627995059317705	-21.627995059317705	0.20136288150118203	-6.4720999836921695	165	390	127734564	127735119	2	9:127734952-127735117	9:127734564-127735119
9	127937676	127937817	ENST00000314392_1	141	-	127937676	127937817	0	1	141	0	ENST00000314392	141	-27.300666544877046	-27.300666544877046	-0.15654744037569765	-8.867600011825562	-17.170705858398886	-17.170705858398886	0.12702614025462394	-1.0674999475479126	141	153	127937523	127937817	1	9:127937676-127937817	9:127937523-127937817
9	132669691	132669859	ENST00000372159_1	168	-	132669691	132669859	0	1	168	0	ENST00000372159	168	-20.426452380161557	-17.4054284407979	-0.4682857151769678	-10.285499954223633	-19.660564491343607	-19.3144774880575	-0.16583863315876607	4.585000038146973	168	6996	132662695	132669859	2	9:132669691-132669859	9:132662695-132669859
9	133375675	133375921	ENST00000371989_1	246	-	133375675	133375921	0	1	246	0	ENST00000371989	246	-9.537052869069868	-6.789268234880959	-0.5621788587919967	-3.4696000814437866	-20.100380679425378	-19.28584221609289	-0.5593609272495567	3.75475013256073	246	8230	133367445	133375921	2	9:133375675-133375921	9:133367445-133375921
9	133417541	133417619	ENST00000371942_1	78	-	133417541	133417619	0	1	78	0	ENST00000371942	78	-6.634999901629412	-6.634999901629412	-0.7396153781133202	-1.0404998242855072	-18.474898614186262	-16.963155750089868	-0.5117892785735907	0.562999963760376	78	2708	133414833	133417619	3	9:133417541-133417619	9:133414833-133417619
9	136866168	136866180	ENST00000224073_1	12	-	136866168	136866180	0	1	12	0	ENST00000224073	12	-3.2345832884311676	-3.2345832884311676	2.0580000383779407		-15.927595735576892	-14.207093834023459	-0.757377935589254	8.04699993133545	12	2297	136863871	136866180	1	9:136866168-136866180	9:136863871-136866180
9	137069617	137069887	ENST00000409687_1	270	-	137069617	137069887	0	1	270	0	ENST00000409687	270	-19.666266705592474	-16.44040007049011	-0.4250333354799767	-6.650199902057648	-18.905878741331414	-18.347574805060127	-0.6295433252171584	7.920000076293945	270	3245	137066374	137069889	2	9:137069617-137069887	9:137066374-137069889
X	12791620	12791647	ENST00000380668_1	27	+	12791620	12791647	0	1	27	0	ENST00000380668	27	-12.600888729095459	-3.5087775588035583	0.8286666657637667		-20.418674238227464	-19.242689636816838	-0.00784607206005912	2.181999921798706	27	7560	12791619	12799206	2	X:12791620-12791647	X:12791619-12799206
X	16786589	16786727	ENST00000380122_1	138	+	16786589	16786727	0	1	138	0	ENST00000380122	138	-26.172065486078676	-21.4238987867383	1.609579711037256	-5.520500004291534	-15.221324237010156	-14.976915837155657	0.05226884155170633	3.9469999074935913	138	31846	16786589	16818573	3	X:16786589-16786727	X:16786589-16818573
X	23783417	23783594	ENST00000379270_1	177	+	23783417	23783594	0	1	177	0	ENST00000379270	177	-21.25422030182208	-21.25422030182208	-0.06358192411993267	-9.237499952316284	-24.961333087512426	-24.961333087512426	0.682682546476523	-15.816299712657928	177	63	23783417	23783657	3	X:23783417-23783594	X:23783417-23783657
X	41334297	41334336	ENST00000644876_1	39	+	41334297	41334336	0	1	39	0	ENST00000644876	39	-24.379000205260056	-12.169820565443773	0.5278974344524053	-24.608800292015076	-21.98211282230379	-21.52479322504321	0.32952952797311574	6.31439995765686	39	3071	41334297	41337407	1	X:41334297-41334336	X:41334297-41337407
X	68499123	68499207	ENST00000462683_1	84	+	68499123	68499207	0	1	84	0	ENST00000462683	84	-9.164249783315297	-9.164249783315297	2.4458809531781647	-2.9233998358249664	-14.959638688219307	-14.146750782606759	0.1266415397717439	5.649500072002411	84	14119	68499123	68513326	1	X:68499123-68499207	X:68499123-68513326
X	76173168	76173195	ENST00000373358_1	27	+	76173168	76173195	0	1	27	0	ENST00000373358	27	-7.537888937526279	-7.537888937526279	1.5994444136266355		-6.736189275003463	-6.736189275003463	-0.13230747880460567	4.291499808430672	27	389	76173168	76173584	1	X:76173168-76173195	X:76173168-76173584
X	108091838	108091949	ENST00000372232_1	111	+	108091838	108091949	0	1	111	0	ENST00000372232	111	-25.63983775796117	-21.50427025288075	2.0857927882792175	-6.376600122451782	-18.605216157387687	-18.605216157387687	0.3481371017729857	4.611000061035156	111	34129	108091836	108126076	3	X:108091838-108091949	X:108091836-108126076
X	119468626	119468719	ENST00000317881_1	93	+	119468626	119468719	0	1	93	0	ENST00000317881	93	-16.643612914508388	-16.643612914508388	0.9744146289076747	-0.08129987120628357	-20.040476633764026	-18.403119116158187	0.8521604651021578	1.0622000753879548	93	941	119468626	119469660	2	X:119468626-119468719	X:119468626-119469660
X	154444346	154444565	ENST00000393600_1	219	+	154444346	154444565	0	1	219	0	ENST00000393600	219	-19.557917774540105	-19.557917774540105	0.1747853890376072	-3.549599993228912	-22.675901709035536	-22.675901709035536	-0.15614581346410647	2.5269999504089355	219	1067	154444346	154445632	3	X:154444346-154444565	X:154444346-154445632
X	20116630	20116747	ENST00000379643_1	117	-	20116630	20116747	0	1	117	0	ENST00000379643	117	-23.490512679784725	-20.001965890073368	-0.22895726658658594	-8.897200107574463	-18.3290308296052	-18.3290308296052	0.2003692170357019	8.348999977111816	117	51827	20064805	20116749	2	X:20116630-20116747	X:20064805-20116749
X	20266467	20266563	ENST00000379565_1	96	-	20266467	20266563	0	1	96	0	ENST00000379565	96	-11.526354114835462	-11.526354114835462	2.2336145857504257	-0.5088999569416046	-21.295297117699644	-21.05342154659137	1.285566577530855	6.137499862909317	96	31653	20234814	20266563	1	X:20266467-20266563	X:20234814-20266563
X	48897605	48897722	ENST00000696123_1	117	-	48897605	48897722	0	1	117	0	ENST00000696123	117	-20.79351281049924	-10.548495662422516	1.4388546936938331	-8.126933109760284	-25.266814679907473	-25.266814679907473	0.3461109647834873	-8.233199971914292	117	748	48896858	48897723	3	X:48897605-48897722	X:48896858-48897723
X	53422405	53422489	ENST00000322213_1	84	-	53422405	53422489	0	1	84	0	ENST00000322213	84	-25.226000121661595	-18.53270259641466	1.4628690476307558	-15.388600158691407	-17.082206360208513	-17.082206360208513	0.029811166490044155	5.14900016784668	84	7238	53415169	53422491	2	X:53422405-53422489	X:53415169-53422491
X	53434207	53434318	ENST00000168216_1	111	-	53434207	53434318	0	1	111	0	ENST00000168216	111	-33.93170239877056	-30.235297411411732	0.10534234838937787	-18.866300022602083	-28.74316303116148	-19.507032628292624	0.0726168245226551	4.940000057220459	111	321	53433886	53434318	2	X:53434207-53434318	X:53433886-53434318
X	71618326	71618437	ENST00000373693_1	111	-	71618326	71618437	0	1	111	0	ENST00000373693	111	-32.241000101373004	-21.393315385053825	0.4833873858390091	-16.352500128746033	-24.89987414377136	-24.89987414377136	-0.06456286208948492	-5.508900094032287	111	867	71617459	71618437	2	X:71618326-71618437	X:71617459-71618437
X	72277060	72277192	ENST00000316084_1	132	-	72277060	72277192	0	1	132	0	ENST00000316084	132	-31.982045409354296	-30.485469916694317	0.560515131610869	-18.76219984292984	-29.257921189970066	-26.012428658097956	-0.22493980256714732	-12.782400047779083	132	826	72276234	72277192	2	X:72277060-72277192	X:72276234-72277192
X	100636559	100636607	ENST00000373020_1	48	-	100636559	100636607	0	1	48	0	ENST00000373020	48	-22.6100835451313	-19.32845815643668	0.3187083271429098	-20.201700313699742	-27.481760454545785	-24.344904117923125	0.650820418755864	-8.304399919509887	48	813	100635746	100636607	3	X:100636559-100636607	X:100635746-100636607
X	119791402	119791573	ENST00000361575_1	171	-	119791402	119791573	0	1	171	0	ENST00000361575	171	-34.16757926292587	-34.16757926292587	0.3064678390210832	-21.072400519251822	-23.00038641143579	-23.00038641143579	-0.34818920873804016	-1.136499971151352	171	1391	119790011	119791573	2	X:119791402-119791573	X:119790011-119791573
X	153598797	153598959	ENST00000576892_1	162	-	153598797	153598959	0	1	162	0	ENST00000576892	162	-15.011327068470878	-15.011327068470878	-0.37858024489545594	3.1004998683929443	-18.872548229051823	-18.586183033590753	-0.31936872767102303	9.784000396728516	162	2612	153596187	153598961	1	X:153598797-153598959	X:153596187-153598961
X	153794152	153794245	ENST00000217901_1	93	-	153794152	153794245	0	1	93	0	ENST00000217901	93	-26.41026635169983	-23.12297803516029	0.30655913465651335	-20.65511115392049	-24.40554826518192	-24.130122282269706	-0.021714416142038673	-1.7442000925540924	93	3301	153790851	153794245	2	X:153794152-153794245	X:153790851-153794245
X	153934682	153934883	ENST00000464845_1	201	-	153934682	153934883	0	1	201	0	ENST00000464845	201	-17.48256211229299	-13.75431331858706	0.5128469443832505	-6.651299939677119	-19.008681150450222	-17.967521716719087	0.03186473357243742	-8.57849998474121	201	207	153934475	153934883	3	X:153934682-153934883	X:153934475-153934883
Y	2841627	2841654	ENST00000250784_1	27	+	2841627	2841654	0	1	27	0	ENST00000250784	27	NaN	NaN	-1.2067407401347603		-5.19505890677957	-3.5282608614019724	-0.8077235319596879	NaN	27	510	2841627	2842164	1	Y:2841627-2841654	Y:2841627-2842164
1	23692759	23692843	ENST00000643754_1	84	+	23692759	23692843	0	1	84	0	ENST00000643754	84	-22.25789288564452	-18.884618940097944	0.06280951737980581	-12.533199900388718	-23.49726981824589	-23.49726981824589	-0.44930267437438376	-3.8828572034835815	84	963	23692759	23693806	2	1:23692759-23692843	1:23692759-23693806
1	25801160	25801220	ENST00000361547_1	60	+	25801160	25801220	0	1	60	0	ENST00000361547	60	-17.83450006842613	-15.35649967690309	0.5297833330774059	-13.860299682617187	-17.17160880717835	-17.17160880717835	-0.2741668461113832	3.369999885559082	60	3921	25801160	25805141	3	1:25801160-25801220	1:25801160-25805141
1	26473527	26473593	ENST00000361427_1	66	+	26473527	26473593	0	1	66	0	ENST00000361427	66	-21.7849086495963	-15.639045537929192	0.08710606861154013	-9.630299776792526	-31.983963224319144	-31.983963224319144	-0.40803670011772647	-27.00799987912178	66	109	26473527	26473702	1	1:26473527-26473593	1:26473527-26473702
1	35817047	35817083	ENST00000373210_1	36	+	35817047	35817083	0	1	36	0	ENST00000373210	36	-21.069916605949402	-21.069916605949402	1.8090833161647122	-21.719999933242796	-15.393037423954818	-14.95807080915012	-0.061025229792584255	11.01300036907196	36	5778	35817047	35822861	3	1:35817047-35817083	1:35817047-35822861
1	39957221	39957317	ENST00000372811_1	96	+	39957221	39957317	0	1	96	0	ENST00000372811	96	-33.22174967825413	-31.559375045200188	0.7320729278035287	-26.907699728012084	-25.740131680637464	-25.740131680637464	0.9140044640575763	-8.808999848365783	96	1344	39957221	39958661	3	1:39957221-39957317	1:39957221-39958661
1	70228557	70228572	ENST00000370949_1	15	+	70228557	70228572	0	1	15	0	ENST00000370949	15	-8.836799812316894	-2.312533410390218	6.912066698074341		-12.670439913591574	-12.499988657260756	5.400271300931744	6.6540000438690186	15	3697	70228555	70232267	1	1:70228557-70228572	1:70228555-70232267
1	85581578	85581641	ENST00000451137_1	63	+	85581578	85581641	0	1	63	0	ENST00000451137	63	-8.404714204016186	-8.404714204016186	5.515174594389955	-4.692899978160858	-9.575146773738878	-9.575146773738878	5.694629367538223	7.39689998626709	63	286	85581578	85581927	3	1:85581578-85581641	1:85581578-85581927
1	150151058	150151079	ENST00000369124_1	21	+	150151058	150151079	0	1	21	0	ENST00000369124	21	-8.139142394065857	-8.139142394065857	1.7769047488414107		-21.049852833158987	-20.707933658107343	0.12002499614377338	12.791000366210938	21	4986	150151058	150156065	3	1:150151058-150151079	1:150151058-150156065
1	151400187	151400226	ENST00000290541_1	39	+	151400187	151400226	0	1	39	0	ENST00000290541	39	-20.387538304695717	-14.536281958604471	1.2628717896265862	-16.320999884605406	-29.92700019658998	-29.12866500144781	-0.06570754825183682	-18.9719997882843	39	215	151400187	151400441	1	1:151400187-151400226	1:151400187-151400441
1	153659184	153659262	ENST00000368685_1	78	+	153659184	153659262	0	1	78	0	ENST00000368685	78	-23.199923102672283	-21.249140919974217	0.35292308261761296	-14.865300238132477	-23.607767709525856	-16.88297841999982	0.3032540530054452	-15.185300052165985	78	185	153659184	153659447	1	1:153659184-153659262	1:153659184-153659447
1	154273599	154273695	ENST00000328703_1	96	+	154273599	154273695	0	1	96	0	ENST00000328703	96	-18.876937316497788	-18.876937316497788	1.1317395900647778	-9.19610002040863	-26.14287352260155	-24.216860701766194	0.6880632886969591	-22.917800188064575	96	79	154273598	154273773	1	1:154273599-154273695	1:154273598-154273773
1	155282840	155282960	ENST00000368358_1	120	+	155282840	155282960	0	1	120	0	ENST00000368358	120	-14.91029640480324	-14.91029640480324	1.2447166683928421	2.2850000858306885	-22.96431550309175	-20.99628902393682	0.09390280467636775	1.7009000420570373	120	1013	155282840	155283973	3	1:155282840-155282960	1:155282840-155283973
1	156592209	156592278	ENST00000368235_1	69	+	156592209	156592278	0	1	69	0	ENST00000368235	69	-21.64956532742666	-21.64956532742666	0.05305797174788904	-15.658800229430199	-28.81666271631108	-14.595069814386756	-0.07525581625008652	-21.341799950599672	69	86	156592209	156592364	1	1:156592209-156592278	1:156592209-156592364
1	156732116	156732221	ENST00000368216_1	105	+	156732116	156732221	0	1	105	0	ENST00000368216	105	-18.397199994751386	-18.397199994751386	0.39247618936268347	-5.291600179672241	-23.603916559244194	-23.603916559244194	1.6939000037498773	-15.392999854683875	105	60	156732115	156732280	3	1:156732116-156732221	1:156732115-156732280
1	173481483	173481597	ENST00000340385_1	114	+	173481483	173481597	0	1	114	0	ENST00000340385	114	-27.11010524787401	-15.217999873061975	0.0808070143511143	-19.39200007915497	-23.860193020791318	-22.40175873446902	-0.1640664356370691	2.1080000400543213	114	3764	173481482	173485360	1	1:173481483-173481597	1:173481482-173485360
1	180166592	180166700	ENST00000367602_1	108	+	180166592	180166700	0	1	108	0	ENST00000367602	108	-25.693916802501512	-24.699537227275194	-0.8132314847424384	-14.503100126609207	-23.18774254431142	-23.18774254431142	-0.146573333347091	0.1903000593185425	108	8621	180166591	180175320	3	1:180166592-180166700	1:180166591-180175320
1	201989044	201989092	ENST00000295640_1	48	+	201989044	201989092	0	1	48	0	ENST00000295640	48	-10.716687310487032	-10.716687310487032	0.07718749864337345	-8.881399756669998	-25.127037942820582	-20.40473791915795	-0.31001798298106054	-11.120133153597514	48	290	201989044	201989382	2	1:201989044-201989092	1:201989044-201989382
1	999643	999691	ENST00000304952_1	48	-	999643	999691	0	1	48	0	ENST00000304952	48	-21.910833542545635	-16.798791648975264	-1.1602916760991018	-14.917799925804138	-15.468800008296967	-15.468800008296967	0.07749999401470026	-15.468800008296967	48	30	999613	999691	2	1:999643-999691	1:999613-999691
1	1406659	1406908	ENST00000344843_1	249	-	1406659	1406908	0	1	249	0	ENST00000344843	249	-9.682052151146662	-9.133204880434212	-0.8600160653111955	-2.0824000179767608	-9.312086799414518	-9.312086799414518	-0.8051549477742507	0.8838750086724758	249	773	1405886	1406908	2	1:1406659-1406908	1:1405886-1406908
1	3647320	3647407	ENST00000270708_1	87	-	3647320	3647407	0	1	87	0	ENST00000270708	87	-25.07788510158144	-24.784310447758642	-1.0986551787549008	-14.461099791526795	-23.126736460419576	-21.719864137155394	-1.0048308547890874	-1.99833345413208	87	538	3646782	3647407	2	1:3647320-3647407	1:3646782-3647407
1	29160341	29160374	ENST00000373795_1	33	-	29160341	29160374	0	1	33	0	ENST00000373795	33	-17.96090896201856	-5.823363571455984	3.9428787609054283	-16.756633138656618	-16.487328604113824	-14.514610527717231	3.4227415205818215	0.17739999890327454	33	855	29159486	29160374	3	1:29160341-29160374	1:29159486-29160374
1	42943120	42943225	ENST00000426263_1	105	-	42943120	42943225	0	1	105	0	ENST00000426263	105	-24.09874495337991	-21.984380975791385	0.013219039425963447	-17.34039988517761	-22.192287789429283	-21.852986623053027	0.08092727816779453	6.288000017404556	105	27322	42931206	42958633	2	1:42943120-42943225	1:42931206-42958633
1	53220218	53220260	ENST00000294360_1	42	-	53220218	53220260	0	1	42	0	ENST00000294360	42	-23.67871404935916	-14.146642940385002	-0.48352381620290025	-18.132299852371215	-23.754267172886223	-22.602852561554876	0.08857445047382224	4.5249998569488525	42	1295	53218923	53220260	3	1:53220218-53220260	1:53218923-53220260
1	54047230	54047266	ENST00000234831_1	36	-	54047230	54047266	0	1	36	0	ENST00000234831	36	-22.093222750557793	-19.3146111369133	1.8692500045419567	-19.431500466664634	-25.421217864530522	-25.421217864530522	1.0558916669719716	-7.042899870872498	36	1444	54045786	54047266	2	1:54047230-54047266	1:54045786-54047266
1	85258436	85258523	ENST00000471115_1	87	-	85258436	85258523	0	1	87	0	ENST00000471115	87	-33.14871275356446	-28.227563035899195	-0.036390813003326285	-23.54819984436035	-18.748855926613057	-18.748855926613057	-0.11253117749335215	0.4986249729990959	87	965	85257471	85258523	3	1:85258436-85258523	1:85257471-85258523
1	154600983	154601040	ENST00000368474_1	57	-	154600983	154601040	0	1	57	0	ENST00000368474	57	-18.6542105361035	-12.99403517549498	1.3408421179802532	-9.236399948596954	-23.851787367924434	-22.432350159337506	-0.1572713212653828	1.776099967956543	57	2398	154598585	154601040	1	1:154600983-154601040	1:154598585-154601040
1	156335760	156335826	ENST00000295688_1	66	-	156335760	156335826	0	1	66	0	ENST00000295688	66	-23.112136147238992	-20.499318075902533	0.14348485032237615	-19.028399991989136	-22.253606728916374	-22.253606728916374	-0.25496614199444795	-3.78380007147789	66	842	156334918	156335826	1	1:156335760-156335826	1:156334918-156335826
1	156675122	156675215	ENST00000368223_1	93	-	156675122	156675215	0	1	93	0	ENST00000368223	93	-31.231505358090963	-22.601161105017507	-0.6954074050357313	-21.801700115203857	-21.53959677818152	-21.53959677818152	0.29590295903244135	0.9085999011993409	93	1595	156673527	156675215	3	1:156675122-156675215	1:156673527-156675215
1	181005252	181005291	ENST00000258301_1	39	-	181005252	181005291	0	1	39	0	ENST00000258301	39	-28.300615053910477	-21.62546165020038	1.617102577804755	-26.886799478530882	-22.193753378941466	-21.216911729914	0.020284363134665463	-0.10580001138150692	39	2554	181002700	181005293	1	1:181005252-181005291	1:181002700-181005293
10	4966081	4966096	ENST00000380872_1	15	+	4966081	4966096	0	1	15	0	ENST00000380872	15	-15.851000356674195	-15.851000356674195	-0.8846666693687439		-21.718628941637924	-21.718628941637924	-5.993419286254401	-7.325099861621856	15	830	4966081	4966926	2	10:4966081-4966096	10:4966081-4966926
10	45727539	45727674	ENST00000623400_1	135	+	45727539	45727674	0	1	135	0	ENST00000623400	135	-13.191377798716227	-13.191377798716227	-0.41565184612517003	-2.944199872016907	-17.063035504631312	-16.075073988705693	-0.09144608355001041	12.1850004196167	135	10308	45727539	45737982	1	10:45727539-45727674	10:45727539-45737982
10	50068227	50068362	ENST00000282633_1	135	+	50068227	50068362	0	1	135	0	ENST00000282633	135	-20.10366666316986	-18.79986668339482	-0.39629629506919256	-5.457900047302246	-22.881292597089402	-21.088238829232818	-0.3962630661547219	5.667499899864197	135	1184	50068227	50069546	1	10:50068227-50068362	10:50068227-50069546
10	120852635	120852656	ENST00000263461_1	21	+	120852635	120852656	0	1	21	0	ENST00000263461	21	-16.95985688482012	-16.95985688482012	2.307523795536586		-18.88538757602934	-18.8505683218638	0.003786888668272652	11.946000099182129	21	5986	120852635	120858642	3	10:120852635-120852656	10:120852635-120858642
10	133395777	133395855	ENST00000317502_1	78	+	133395777	133395855	0	1	78	0	ENST00000317502	78	-9.132307690496628	-9.132307690496628	0.19589743418141436	-5.41350005865097	-18.52088590689513	-17.396211820433116	-0.17163192169097669	-8.985999846458435	78	307	133395777	133396162	1	10:133395777-133395855	10:133395777-133396162
10	5001498	5001513	ENST00000380753_1	15	-	5001498	5001513	0	1	15	0	ENST00000380753	15	-37.04973332087199	-12.47100009471178	-5.928400026758512		-24.975119452316886	-21.97968627615438	-6.208027643337398	-9.336300104856491	15	832	5000666	5001513	1	10:5001498-5001513	10:5000666-5001513
10	98410863	98410938	ENST00000370575_1	75	-	98410863	98410938	0	1	75	0	ENST00000370575	75	-31.773826726675033	-21.24076007962227	0.15593332315484681	-22.581166514754294	-22.52837781310146	-21.70849220267274	-0.5259637996662863	0.8559999465942383	75	2866	98407997	98410938	1	10:98410863-98410938	10:98407997-98410938
10	99613600	99613693	ENST00000370495_1	93	-	99613600	99613693	0	1	93	0	ENST00000370495	93	-8.936451614864412	-8.936451614864412	4.1089999978981355	0.3080000549554825	-23.323868648497502	-22.35744735976698	1.0475872414517853	-2.3559999823570252	93	1003	99612599	99613695	2	10:99613600-99613693	10:99612599-99613695
10	110303413	110303467	ENST00000369603_1	54	-	110303413	110303467	0	1	54	0	ENST00000369603	54	-29.973888556162517	-23.487092772015817	1.5287777713534456	-25.43519926071167	-26.439434304847946	-26.439434304847946	1.2520444015247139	3.656600020825863	54	4623	110298790	110303467	2	10:110303413-110303467	10:110298790-110303467
11	34052636	34052846	ENST00000341394_1	210	+	34052636	34052846	0	1	210	0	ENST00000341394	210	-12.876785603591374	-12.876785603591374	0.5192952415107617	-2.768399882316589	-18.6401546333876	-18.544971335834777	0.026604696635944246	10.729199934005738	210	18879	34052636	34071725	3	11:34052636-34052846	11:34052636-34071725
11	62882067	62882100	ENST00000338663_1	33	+	62882067	62882100	0	1	33	0	ENST00000338663	33	-28.649182438850403	-28.35206057808616	1.066782610895841	-22.609100377559663	-21.686162846292625	-21.671154716088132	-0.32681084562723756	-0.9925714688641685	33	808	62882066	62882907	1	11:62882067-62882100	11:62882066-62882907
11	65570755	65570779	ENST00000309328_1	24	+	65570755	65570779	0	1	24	0	ENST00000309328	24	-7.004250273108482	-7.004250273108482	2.62745834258385		-32.54673551163584	-19.90410367272935	0.555981130401806	-19.165299892425537	24	106	65570755	65570885	2	11:65570755-65570779	11:65570755-65570885
11	66625678	66625720	ENST00000310137_1	42	+	66625678	66625720	0	1	42	0	ENST00000310137	42	-4.838214348469462	-0.3030000754765102	6.154928565734909	-3.7745001375675202	-15.598321626735599	-13.154208129966582	3.2532986451984964	2.6029998540878294	42	740	66625678	66626460	2	11:66625678-66625720	11:66625678-66626460
11	134256648	134256720	ENST00000281182_1	72	+	134256648	134256720	0	1	72	0	ENST00000281182	72	-27.978304146424584	-24.987111202544636	-0.02887500261163546	-22.132600185275077	-34.09632431941071	-29.538089745213615	-0.2465694797636398	-18.20839990377426	72	367	134256648	134257087	1	11:134256648-134256720	11:134256648-134257087
11	17077269	17077428	ENST00000525634_1	159	-	17077269	17077428	0	1	159	0	ENST00000525634	159	-29.27032047847532	-25.971540804928953	-0.4572892957637907	-13.038599634170533	-35.63465271566225	-26.315261244773865	0.526043457262542		159	23	17077246	17077428	1	11:17077269-17077428	11:17077246-17077428
11	17533063	17533252	ENST00000005226_1	189	-	17533063	17533252	0	1	189	0	ENST00000005226	189	-29.7477409991007	-27.88577250623829	-0.07055555507737808	-18.04750027656555	-21.75268924072673	-21.65187308162544	-0.1749512696986395	-1.5651666522026062	189	1523	17531542	17533254	2	11:17533063-17533252	11:17531542-17533254
11	59809812	59809854	ENST00000300151_1	42	-	59809812	59809854	0	1	42	0	ENST00000300151	42	-26.513000062533788	-11.914452484675817	0.206119048475687	-25.274700331687928	-21.36816396904961	-21.31386104825884	-0.2763545698327603	-0.2030000223053826	42	1963	59807849	59809854	1	11:59809812-59809854	11:59807849-59809854
11	65662112	65662178	ENST00000406246_1	66	-	65662112	65662178	0	1	66	0	ENST00000406246	66	-26.471318204520326	-14.328864043409174	0.30499999253361515	-19.05820031017065	-8.04658317565918	-8.04658317565918	0.32379165617749095		66	24	65662088	65662178	3	11:65662112-65662178	11:65662088-65662178
11	65887821	65887932	ENST00000357519_1	111	-	65887821	65887932	0	1	111	0	ENST00000357519	111	-27.724351077466398	-22.01700017473719	0.4233873905194504	-19.86909998655319	-21.70578902694914	-21.70578902694914	0.37561458874552045	-9.362500041723251	111	96	65887726	65887933	1	11:65887821-65887932	11:65887726-65887933
11	65896706	65896808	ENST00000312562_1	102	-	65896706	65896808	0	1	102	0	ENST00000312562	102	-31.072940993542765	-20.869588276919195	0.21480393065504877	-19.567400101820628	-20.09041588529322	-18.6472248421741	-0.5245925787786049	-0.6874285829918725	102	2585	65894121	65896808	3	11:65896706-65896808	11:65894121-65896808
11	67352904	67352985	ENST00000312419_1	81	-	67352904	67352985	0	1	81	0	ENST00000312419	81	-16.546222068645335	-16.546222068645335	0.38372840067762654	-10.264899849891663	-27.486028730869293	-24.20032674074173	0.5324038380953985	-19.18529944419861	81	104	67352802	67352987	1	11:67352904-67352985	11:67352802-67352987
11	88334870	88334936	ENST00000227266_1	66	-	88334870	88334936	0	1	66	0	ENST00000227266	66	-24.117833070682757	-24.117833070682757	0.9774697142173395	-17.440666472911836	-25.563218286295427	-24.91089958199225	0.11638577391424279	11.189000129699707	66	22316	88312554	88334936	3	11:88334870-88334936	11:88312554-88334936
11	130911406	130911631	ENST00000265909_1	225	-	130911406	130911631	0	1	225	0	ENST00000265909	225	-28.566648949517145	-28.566648949517145	0.292826668195323	-21.46096657117208	-23.59381377712425	-23.55822936025098	0.025141049048148553	2.552000045776367	225	1037	130910370	130911632	2	11:130911406-130911631	11:130910370-130911632
12	2909580	2909625	ENST00000448120_1	45	+	2909580	2909625	0	1	45	0	ENST00000448120	45	-16.701466496785482	-16.701466496785482	0.7953777713494168	-11.484699916839599	-14.76754201732449	-14.26537515014315	-0.4612985547130125	8.963000297546387	45	11137	2909580	2920762	1	12:2909580-2909625	12:2909580-2920762
12	15883676	15883763	ENST00000419869_1	87	+	15883676	15883763	0	1	87	0	ENST00000419869	87	-23.994275615133088	-23.994275615133088	0.7929285747190339	-7.238399982452393	-20.87180495131729	-20.29238875008679	-0.01468134672278136	4.390999794006348	87	6164	15883676	15889927	3	12:15883676-15883763	12:15883676-15889927
12	32564289	32564340	ENST00000534526_1	51	+	32564289	32564340	0	1	51	0	ENST00000534526	51	-26.07935332550722	-25.31209808471156	0.34350981033754113	-25.37440049648285	-16.78819152057046	-16.71211284511766	-0.03547371136333084	4.586999893188477	51	11925	32564289	32576265	1	12:32564289-32564340	12:32564289-32576265
12	34024159	34024231	ENST00000266483_1	72	+	34024159	34024231	0	1	72	0	ENST00000266483	72	-27.176833877960842	-21.789666755331886	0.7247777779767703	-24.20810031890869	-22.479127983973356	-22.479127983973356	0.19787124511570248	-4.793099996447563	72	1631	34024159	34025862	2	12:34024159-34024231	12:34024159-34025862
12	51049187	51049331	ENST00000262055_1	144	+	51049187	51049331	0	1	144	0	ENST00000262055	144	-28.66291672984759	-24.326500229951407	0.7661180605581548	-14.577000093460082	-18.98645929148225	-18.295497584060815	0.06427499051519552	7.1539998054504395	144	2762	51049185	51052091	3	12:51049187-51049331	12:51049185-51052091
12	51240461	51240485	ENST00000412716_1	24	+	51240461	51240485	0	1	24	0	ENST00000412716	24	-29.084499835968018	-24.601124614477158	1.217166665320595		-23.560501237658713	-23.560501237658713	0.6341522293766653	-11.936299747228622	24	385	51240461	51240870	3	12:51240461-51240485	12:51240461-51240870
12	52235366	52235507	ENST00000331817_1	141	+	52235366	52235507	0	1	141	0	ENST00000331817	141	-31.310957368384017	-24.62247532183397	-0.22456028137408884	-22.51079969406128	-27.58662693999888	-26.964236830011416	-0.02420789632439634	-5.467285942286253	141	2001	52235366	52237508	3	12:52235366-52235507	12:52235366-52237508
12	56042604	56042649	ENST00000646449_1	45	+	56042604	56042649	0	1	45	0	ENST00000646449	45	-8.496928657804217	-8.496928657804217	-0.6114222128306412	-7.040900158882141	-22.03990517581995	-22.03990517581995	-0.9567336207507788	-4.052889141771528	45	715	56042602	56043362	1	12:56042604-56042649	12:56042602-56043362
12	65828087	65828132	ENST00000403681_1	45	+	65828087	65828132	0	1	45	0	ENST00000403681	45	-26.386071375438146	-25.589785547483537	1.972422240777976	-24.744099855422974	-27.742406146008634	-27.540466013797676	0.7461547401130674	0.5120000243186951	45	10386	65828087	65838518	3	12:65828087-65828132	12:65828087-65838518
12	68809293	68809353	ENST00000258149_1	60	+	68809293	68809353	0	1	60	0	ENST00000258149	60	-20.695500099658965	-20.38608293135961	1.1631724203711953	-7.7184000492095945	-19.356202878081923	-19.259843231024874	-0.13436588891361462	7.929999828338623	60	4201	68809292	68813553	1	12:68809293-68809353	12:68809292-68813553
12	95252071	95252218	ENST00000436874_1	147	+	95252071	95252218	0	1	147	0	ENST00000436874	147	-19.988612267435812	-19.988612267435812	0.22088435250746252	-7.213899791240692	-16.861908783122843	-16.861908783122843	0.15417652096342904	7.111999988555908	147	4931	95252071	95257149	2	12:95252071-95252218	12:95252071-95257149
12	112019894	112020035	ENST00000261735_1	141	+	112019894	112020035	0	1	141	0	ENST00000261735	141	-24.03812758592849	-24.03812758592849	0.5554042613325336	-15.925200092792512	-23.34771096037172	-22.223308443093238	-0.043491642893087795	4.343999862670898	141	2114	112019894	112022149	3	12:112019894-112020035	12:112019894-112022149
12	120713387	120713426	ENST00000344651_1	39	+	120713387	120713426	0	1	39	0	ENST00000344651	39	-17.15107719714825	-17.15107719714825	0.6342307849405094	-9.65570001602173	-18.632776376630726	-18.632776376630726	-0.09588789267231483	3.1303332149982452	39	3201	120713387	120716627	3	12:120713387-120713426	12:120713387-120716627
12	131930136	131930175	ENST00000376649_1	39	+	131930136	131930175	0	1	39	0	ENST00000376649	39	-15.26253851961631	-3.050179599951475	-0.011051277916591901	-11.87220022007823	-9.012842996275477	-8.673514330734003	-0.5553731119262771	2.2149999141693115	39	2000	131930135	131932174	1	12:131930136-131930175	12:131930135-131932174
12	132690376	132690418	ENST00000317479_1	42	+	132690376	132690418	0	1	42	0	ENST00000317479	42	-22.910643407276698	-19.997452176752546	0.8358571421177614	-21.983200573921202	-16.464745196167073	-16.464745196167073	-0.19571314038368565	0.7839999794960022	42	5465	132690376	132695883	2	12:132690376-132690418	12:132690376-132695883
12	6970171	6970195	ENST00000535923_1	24	-	6970171	6970195	0	1	24	0	ENST00000535923	24	-11.388208046555519	-8.452999949455261	2.2403333078448973		-14.703043424179905	-13.79122137526671	0.1973214877490427	4.078999996185303	24	594	6969577	6970195	2	12:6970171-6970195	12:6969577-6970195
12	7108133	7108250	ENST00000266542_1	117	-	7108133	7108250	0	1	117	0	ENST00000266542	117	-20.281470227445293	-20.281470227445293	0.012726497311049547	-7.346033263206482	-12.42006952121433	-12.42006952121433	-0.12553382423138779	3.5980000495910645	117	6046	7102087	7108250	3	12:7108133-7108250	12:7102087-7108250
12	49013028	49013061	ENST00000548065_1	33	-	49013028	49013061	0	1	33	0	ENST00000548065	33	-22.087000131607056	-21.272575397721745	0.9169090868284305	-22.676200175285338	-12.493716372390951	-12.493716372390951	-0.006847016746754415	0.9062857414994921	33	7176	49005852	49013061	1	12:49013028-49013061	12:49005852-49013061
12	110445394	110445451	ENST00000228825_1	57	-	110445394	110445451	0	1	57	0	ENST00000228825	57	-27.718491512432433	-21.66728092703903	1.41597728098912	-18.425333245595297	-16.37799495284396	-16.159831109893176	-0.1917126994172377	2.4234999287873507	57	5006	110440388	110445451	2	12:110445394-110445451	12:110440388-110445451
12	111555831	111555882	ENST00000673436_1	51	-	111555831	111555882	0	1	51	0	ENST00000673436	51	-26.107176016358768	-22.085274729074218	1.5499019518348516	-25.94959955215454	-23.864155296261792	-22.324187161939953	0.1611755274001731	1.6703333457310994	51	1614	111554217	111555882	1	12:111555831-111555882	12:111554217-111555882
12	112408338	112408419	ENST00000202773_1	81	-	112408338	112408419	0	1	81	0	ENST00000202773	81	-26.58629643034052	-26.58629643034052	0.09145679065014845	-18.360999965667723					81	0	112408338	112408419	1	12:112408338-112408419	12:112408338-112408419
12	114680803	114680878	ENST00000349155_1	75	-	114680803	114680878	0	1	75	0	ENST00000349155	75	-28.940066701571148	-27.147400115095078	0.4256933481494586	-21.194366506735484	-22.748387515439543	-22.748387515439543	1.5954765340755441	0.5113999843597412	75	831	114679972	114680878	2	12:114680803-114680878	12:114679972-114680878
12	117189211	117189226	ENST00000622495_1	15	-	117189211	117189226	0	1	15	0	ENST00000622495	15	-12.755066601435344	-7.338533226648966	3.2650666889424125		-22.635643632271446	-20.373644666992003	0.19826015850039766	3.944000005722046	15	2640	117186571	117189226	2	12:117189211-117189226	12:117186571-117189226
13	48041118	48041199	ENST00000258662_1	81	+	48041118	48041199	0	1	81	0	ENST00000258662	81	-27.333814790955298	-21.275926097675605	0.1854197494800628	-18.93020002245903	-13.415222442799497	-13.415222442799497	0.024668246054218263	2.059000015258789	81	4462	48041116	48045659	1	13:48041118-48041199	13:48041116-48045659
13	52653103	52653328	ENST00000310528_1	225	+	52653103	52653328	0	1	225	0	ENST00000310528	225	-26.265666717688244	-26.265666717688244	-0.36214666693574854	-5.193700098991394	-18.385107225774835	-17.40194088856193	0.1270476761025946	-1.3429000243544578	225	4203	52653103	52657531	2	13:52653103-52653328	13:52653103-52657531
13	73062735	73062756	ENST00000377687_1	21	+	73062735	73062756	0	1	21	0	ENST00000377687	21	-8.898857457297188	-8.898857457297188	1.2833333196384566		-25.084227012640493	-23.141286005350675	0.81776821430054	-1.8764000236988068	21	1068	73062734	73063823	1	13:73062735-73062756	13:73062734-73063823
13	23886275	23886332	ENST00000382172_1	57	-	23886275	23886332	0	1	57	0	ENST00000382172	57	-30.36515782381359	-23.63189499001754	-0.4518421209302911	-23.02680023908615	-17.468779096920386	-17.37385478632854	-0.2517902272699972	4.276000022888184	57	4488	23881787	23886332	3	13:23886275-23886332	13:23881787-23886332
13	44435989	44436043	ENST00000458659_1	54	-	44435989	44436043	0	1	54	0	ENST00000458659	54	-14.124666492144266	-14.124666492144266	2.0396111079715884	-3.548799824714661	-19.31745121382837	-19.31745121382837	1.647562386936099	5.482499903440475	54	1106	44434883	44436043	2	13:44435989-44436043	13:44434883-44436043
13	106559405	106559429	ENST00000400198_1	24	-	106559405	106559429	0	1	24	0	ENST00000400198	24	-0.5238333245118459	4.020750105381012	8.808083335558573		-9.43110108408878	-9.356413462773777	5.960858961873103	7.416799640655517	24	2276	106557131	106559431	3	13:106559405-106559429	13:106557131-106559431
13	113200342	113200426	ENST00000337344_1	84	-	113200342	113200426	0	1	84	0	ENST00000337344	84	-24.08507146367005	-18.756166624171392	-0.731095236970023	-21.712299966812132	-15.916899333132731	-15.251845556964525	-0.609479857659615	2.7179999351501465	84	2078	113198264	113200426	2	13:113200342-113200426	13:113198264-113200426
14	20472479	20472569	ENST00000361505_1	90	+	20472479	20472569	0	1	90	0	ENST00000361505	90	-30.840533272425333	-26.495788759655422	0.11009999826136563	-21.793200302124024	-20.06518490901789	-20.06518490901789	-0.29873233793783166	-0.9980000257492065	90	1904	20472477	20474471	3	14:20472479-20472569	14:20472477-20474471
14	20990383	20990437	ENST00000339374_1	54	+	20990383	20990437	0	1	54	0	ENST00000339374	54	-15.92999999721845	-15.92999999721845	0.444407409005281	-5.283800238370896	-32.18161566440876	-14.747077171619122	0.7269231060949656		54	26	20990383	20990463	2	14:20990383-20990437	14:20990383-20990463
14	102195120	102195141	ENST00000342702_1	21	+	102195120	102195141	0	1	21	0	ENST00000342702	21	-4.404428626809802	-4.404428626809802	5.424190502791178		-26.12996670612413	-25.00994632733322	-0.15843742794764984	-3.7899998903274534	21	2613	102195120	102197754	1	14:102195120-102195141	14:102195120-102197754
14	22928410	22928494	ENST00000324366_1	84	-	22928410	22928494	0	1	84	0	ENST00000324366	84	-16.802071488329343	-16.802071488329343	2.551011924266017	-9.388099867105485	-16.391550069789474	-10.868759501185126	1.794838973348746	-0.46914293084825787	84	798	22927614	22928496	2	14:22928410-22928494	14:22927614-22928496
14	54436332	54436368	ENST00000216416_1	36	-	54436332	54436368	0	1	36	0	ENST00000216416	36	-33.29508332411448	-20.788000186284382	2.886749963146738	-30.011966784795124	-24.554536691698743	-24.45869428180527	1.5043424398443521	4.974300026893616	36	4112	54432220	54436368	1	14:54436332-54436368	14:54432220-54436368
14	60719697	60719757	ENST00000216513_1	60	-	60719697	60719757	0	1	60	0	ENST00000216513	60	-19.87851676543554	-17.819516601165137	1.9313166690990329	-18.110200095176697	-21.450135694690672	-20.836759627727982	0.4873383577660049	8.25950014591217	60	5496	60714203	60719759	1	14:60719697-60719757	14:60714203-60719759
15	44715701	44715749	ENST00000648006_1	48	+	44715701	44715749	0	1	48	0	ENST00000648006	48	-18.463937556371093	-18.463937556371093	0.9165416637454958	-14.41609979569912	-29.797333261110094	-27.273307959781537	0.07303972654157223	0.5779999494552612	48	579	44715701	44716328	3	15:44715701-44715749	15:44715701-44716328
15	48332406	48332502	ENST00000331200_1	96	+	48332406	48332502	0	1	96	0	ENST00000331200	96	-15.420218768529594	-15.420218768529594	-0.5194583387734989	-11.666699838638305	-24.764578570500486	-24.524292515461152	-0.15289493012792146	-7.837899971008301	96	1914	48332406	48334416	1	15:48332406-48332502	15:48332406-48334416
15	65551718	65551760	ENST00000261875_1	42	+	65551718	65551760	0	1	42	0	ENST00000261875	42	-26.662428672824586	-26.547356914906274	0.8708095384229507	-20.37970021367073	-26.089988931016936	-24.69868422845841	0.0179318324366279	5.835000038146973	42	3126	65551718	65554886	3	15:65551718-65551760	15:65551718-65554886
15	76932468	76932534	ENST00000394885_1	66	+	76932468	76932534	0	1	66	0	ENST00000394885	66	-18.524954492395576	-15.002181616696445	0.7750151454132389	-12.761199855804444	-21.24790411816802	-20.09715108660239	-0.02046849093177592	-0.35400003790855405	66	2993	76932466	76935525	1	15:76932468-76932534	15:76932466-76935525
15	88468026	88468218	ENST00000325844_1	192	+	88468026	88468218	0	1	192	0	ENST00000325844	192	-23.376546890853206	-23.376546890853206	-0.0454583351383917	-9.757199883460999	-16.97192390210421	-15.157295468032633	-0.09727032072577058	0.5916999697685241	192	4410	88468024	88472626	1	15:88468026-88468218	15:88468024-88472626
15	64088650	64088686	ENST00000300030_1	36	-	64088650	64088686	0	1	36	0	ENST00000300030	36	-27.713999579350155	-27.713999579350155	0.41450001009636456	-30.198632864157357	-14.969817707656132	-14.21213272637275	-0.07970398725160185	7.244499921798706	36	7499	64081151	64088686	2	15:64088650-64088686	15:64081151-64088686
15	66503308	66503356	ENST00000307961_1	48	-	66503308	66503356	0	1	48	0	ENST00000307961	48	-35.62775022536516	-25.055062289039295	0.5545625030063093	-34.07916684150696	-23.721075735421017	-18.584137955102427	2.4062896492537753	-9.127100110054016	48	145	66503164	66503357	2	15:66503308-66503356	15:66503164-66503357
15	68787697	68787769	ENST00000465139_1	72	-	68787697	68787769	0	1	72	0	ENST00000465139	72	-26.63016656206714	-25.281458427819114	-0.41100000247307533	-23.1723002076149	-23.675604136568484	-17.77249508845334	1.439188105492198	-8.007900053262711	72	202	68787495	68787769	2	15:68787697-68787769	15:68787495-68787769
15	83010137	83010236	ENST00000304177_1	99	-	83010137	83010236	0	1	99	0	ENST00000304177	99	-23.187050643593373	-23.187050643593373	-0.26144443293374897	-17.688933658599854	-20.294461683279717	-20.294461683279717	-0.13479343421340612	-5.205700027942657	99	1462	83008675	83010236	3	15:83010137-83010236	15:83008675-83010236
15	90931976	90932054	ENST00000394272_1	78	-	90931976	90932054	0	1	78	0	ENST00000394272	78	-13.619153747955957	-13.619153747955957	0.580679477359622	-9.152599918842316	-9.19649999588728	-9.19649999588728	1.2111562482314184	-8.330400013923645	78	32	90931944	90932054	3	15:90931976-90932054	15:90931944-90932054
15	101293000	101293024	ENST00000254193_1	24	-	101293000	101293024	0	1	24	0	ENST00000254193	24	-27.775624871253967	-11.870875030755997	0.7883333148201928		-23.065333270080504	-22.17092746070789	-0.21095602112415085	-6.86625000834465	24	960	101292040	101293024	2	15:101293000-101293024	15:101292040-101293024
16	642249	642312	ENST00000307650_1	63	+	642249	642312	0	1	63	0	ENST00000307650	63	-9.158523581567264	-4.328730140886609	0.36884127879544854	-2.063699984550476	-16.437125937582103	-16.437125937582103	0.06317066445600515	3.009000062942505	63	5104	642249	647416	1	16:642249-642312	16:642249-647416
16	23558279	23558327	ENST00000395878_1	48	+	23558279	23558327	0	1	48	0	ENST00000395878	48	-17.67268717288971	-16.39162505666415	-0.06733332698543866	-11.39109992980957	-24.024919455891016	-21.411306479815593	-0.46532626018234036	-1.4753999948501586	48	1140	23558279	23559467	3	16:23558279-23558327	16:23558279-23559467
16	23680252	23680264	ENST00000300093_1	12	+	23680252	23680264	0	1	12	0	ENST00000300093	12	-22.43274998664856	-6.808749993642171	3.6694999802857637		-26.23772412253822	-26.23772412253822	-0.28290138482736804	-13.795199710130692	12	649	23680252	23680913	2	16:23680252-23680264	16:23680252-23680913
16	29695199	29695292	ENST00000395384_1	93	+	29695199	29695292	0	1	93	0	ENST00000395384	93	-14.114758662108716	-14.114758662108716	-0.4641720361166423	-10.200000248849392	-14.26514788634393	-11.99991619851525	-0.308467492532072	2.8289999961853027	93	1703	29695199	29696995	3	16:29695199-29695292	16:29695199-29696995
16	31182422	31182512	ENST00000254108_1	90	+	31182422	31182512	0	1	90	0	ENST00000254108	90	-31.762433139483132	-24.803777678724792	0.48093331772834064	-20.325600028038025					90	0	31182422	31182512	3	16:31182422-31182512	16:31182422-31182512
16	50066539	50066818	ENST00000299192_1	279	+	50066539	50066818	0	1	279	0	ENST00000299192	279	-23.6834408986953	-22.120677388216432	-0.3490645152334738	-8.011099863052369	-20.328666976046417	-19.97000003176324	-0.1411038892142441	-1.989285639354161	279	1961	50066539	50068779	2	16:50066539-50066818	16:50066539-50068779
16	72012262	72012367	ENST00000219240_1	105	+	72012262	72012367	0	1	105	0	ENST00000219240	105	-24.633971431851386	-23.82745712967146	0.5324952456922758	-17.533999918401243	-17.66697377721828	-17.010490507443038	-0.3697008746224868	-1.422000277042389	105	2105	72012262	72014472	2	16:72012262-72012367	16:72012262-72014472
16	89577721	89577877	ENST00000319518_1	156	+	89577721	89577877	0	1	156	0	ENST00000319518	156	-23.67751920223236	-23.280012810984864	-0.8512142811578324	-13.189800024032593	-8.350703945040037	-8.350703945040037	-0.5016874358330523	2.4167777995268502	156	979	89577721	89578856	2	16:89577721-89577877	16:89577721-89578856
16	90027722	90027938	ENST00000268699_1	216	+	90027722	90027938	0	1	216	0	ENST00000268699	216	-20.32247246719069	-20.32247246719069	-0.945467591535783	-9.039400231838226	-14.94492721734991	-14.491012601409931	-0.5129359208140434	3.2249999046325684	216	3360	90027722	90031298	3	16:90027722-90027938	16:90027722-90031298
16	684049	684064	ENST00000609261_1	15	-	684049	684064	0	1	15	0	ENST00000609261	15	-10.387800121307373	-10.387800121307373	0.7305333120127518		-28.1483831168912	-20.951992874027145	-0.4700851068957478	-10.131700092554093	15	141	683909	684065	2	16:684049-684064	16:683909-684065
16	4343035	4343206	ENST00000318059_1	171	-	4343035	4343206	0	1	171	0	ENST00000318059	171	-24.32159630718984	-24.32159630718984	-0.09332748601888442	-12.805399632453918	-22.104704640325682	-19.79367760917858	-0.038551925721299694	6.74499985575676	171	1531	4341504	4343206	2	16:4343035-4343206	16:4341504-4343206
16	66933818	66933986	ENST00000422424_1	168	-	66933818	66933986	0	1	168	0	ENST00000422424	168	-31.956988040890014	-28.613178539843787	0.06117857389576135	-15.37713348865509	-32.18911351206936	-27.16388588313815	0.4904050608696062	-18.784599727392198	168	79	66933739	66933986	3	16:66933818-66933986	16:66933739-66933986
16	67453462	67453543	ENST00000290949_1	81	-	67453462	67453543	0	1	81	0	ENST00000290949	81	-12.335148221916622	-12.335148221916622	0.5795925905997003	-9.675399953126908	-25.857693177008507	-25.773514549526425	0.6714759504879861	2.401400002837181	81	8756	67444706	67453543	2	16:67453462-67453543	16:67444706-67453543
16	85788876	85788972	ENST00000253457_1	96	-	85788876	85788972	0	1	96	0	ENST00000253457	96	-32.298718973994255	-29.53530249542867	-0.6465937517059501	-23.669300389289855	-18.301977269945567	-17.552963233258968	-0.5964422016130353	13.277000427246094	96	7597	85781280	85788973	1	16:85788876-85788972	16:85781280-85788973
17	7015157	7015232	ENST00000439424_1	75	+	7015157	7015232	0	1	75	0	ENST00000439424	75	-12.2934399831295	-12.2934399831295	2.014613336821397	-5.537599954009056	-22.414695481807545	-22.414695481807545	0.7554625449963751	-8.775200080871581	75	542	7015156	7015773	3	17:7015157-7015232	17:7015156-7015773
17	7574308	7574383	ENST00000293831_1	75	+	7574308	7574383	0	1	75	0	ENST00000293831	75	-14.894880046844483	-14.894880046844483	-1.2049466517940164	-10.432299876213074	-36.874332986496114	-32.52315417704759	-0.7231296274062234	-27.03550009727478	75	162	7574308	7574545	2	17:7574308-7574383	17:7574308-7574545
17	28720890	28721010	ENST00000422514_1	120	+	28720890	28721010	0	1	120	0	ENST00000422514	120	-24.417149931192398	-21.395649979511898	-0.08888333518989384	-20.228200006484986	-13.430061329854492	-13.430061329854492	-0.3142700888790226	3.99399995803833	120	1712	28720890	28722722	1	17:28720890-28721010	17:28720890-28722722
17	32447046	32447169	ENST00000261712_1	123	+	32447046	32447169	0	1	123	0	ENST00000261712	123	-29.33729274098466	-25.659593458098126	0.7234552881142836	-15.645799911022186	-20.01373406783402	-19.1773812916211	0.3805282080938561	2.5145000368356705	123	7325	32447046	32454494	1	17:32447046-32447169	17:32447046-32454494
17	38298626	38298707	ENST00000613675_1	81	+	38298626	38298707	0	1	81	0	ENST00000613675	81	-27.43959269700227	-22.148037059071623	0.752164548227587	-20.08359980583191	-17.33721503206007	-14.641721908247565	-0.4338720910029913	-2.1927777810229196	81	643	38298626	38299350	3	17:38298626-38298707	17:38298626-38299350
17	41689941	41689956	ENST00000469257_1	15	+	41689941	41689956	0	1	15	0	ENST00000469257	15	-18.881400108337402	-15.430000368754069	0.9789999997864167		-30.680882841348648	-26.297843746840954	-0.6164809172397181	-12.185999949773153	15	131	41689941	41690087	1	17:41689941-41689956	17:41689941-41690087
17	78191060	78191072	ENST00000409257_1	12	+	78191060	78191072	0	1	12	0	ENST00000409257	12	-27.749250650405884	-1.3558333118756611	2.0080832952323058		-11.02551318490755	-10.83739429045635	-0.4481233255120305	2.99399995803833	12	11426	78191060	78202498	3	17:78191060-78191072	17:78191060-78202498
17	79778427	79778577	ENST00000310942_1	150	+	79778427	79778577	0	1	150	0	ENST00000310942	150	-6.506916581963499	-6.506916581963499	0.5225263183465564	0.2741000145673752	-20.928607950226468	-17.635501947353855	0.497415816163251	0.42209997177124026	150	784	79778427	79779361	1	17:79778427-79778577	17:79778427-79779361
17	80415821	80415908	ENST00000518137_1	87	+	80415821	80415908	0	1	87	0	ENST00000518137	87	-10.465862093300656	-10.465862093300656	-0.37965116051545494	-5.396499919891357	-12.225805515565304	-12.225805515565304	-0.5083588683315287	17.997200202941894	87	6297	80415821	80422205	3	17:80415821-80415908	17:80415821-80422205
17	82024339	82024360	ENST00000306688_1	21	+	82024339	82024360	0	1	21	0	ENST00000306688	21	-17.487856796809606	-8.970285778953915	1.6290000080951446		-27.36759046519018	-26.09410834669259	-0.5229244775183111	-11.642800194025039	21	332	82024339	82024692	2	17:82024339-82024360	17:82024339-82024692
17	4946615	4946627	ENST00000225655_1	12	-	4946615	4946627	0	1	12	0	ENST00000225655	12	-4.143749952316284	-4.143749952316284	4.479750022292137		-22.765087858787396	-20.3365869421421	1.335488670421945	-4.110900002717972	12	618	4945997	4946627	3	17:4946615-4946627	17:4945997-4946627
17	5438080	5438122	ENST00000225698_1	42	-	5438080	5438122	0	1	42	0	ENST00000225698	42	-28.765642966542924	-22.752071444477355	0.7684166722724007	-26.780833383401234	-15.463974266243879	-15.217868812784074	-0.24053669729150118	4.83866681655248	42	3114	5434966	5438122	2	17:5438080-5438122	17:5434966-5438122
17	6650343	6650355	ENST00000225728_1	12	-	6650343	6650355	0	1	12	0	ENST00000225728	12	-9.925249814987183	-9.925249814987183	4.336500005486111		-27.692396114214834	-25.407811267645855	1.004430199587577	-13.672799968719483	12	265	6650078	6650355	1	17:6650343-6650355	17:6650078-6650355
17	10695683	10695740	ENST00000255390_1	57	-	10695683	10695740	0	1	57	0	ENST00000255390	57	-32.826947362799395	-29.392772097336618	0.6951754214977356	-28.204299926757812	-24.707362791374024	-24.293432427170202	-0.043605837944566815	-7.107499742507935	57	2722	10692961	10695740	3	17:10695683-10695740	17:10692961-10695740
17	15642618	15642720	ENST00000455584_1	102	-	15642618	15642720	0	1	102	0	ENST00000455584	102	-32.29350027909466	-22.523264674579394	-0.29621568211929544	-21.693933854500454	-18.079816822002837	-18.079816822002837	-0.12238779527650517	13.652999877929688	102	6349	15636269	15642720	1	17:15642618-15642720	17:15636269-15642720
17	17820014	17820089	ENST00000261646_1	75	-	17820014	17820089	0	1	75	0	ENST00000261646	75	-22.324199934005737	-22.324199934005737	-0.2679999991257985	-9.118100023269653	-27.814228203057418	-22.29380283120594	-0.21862630088165866	-9.028199863433837	75	289	17819725	17820089	3	17:17820014-17820089	17:17819725-17820089
17	32341182	32341203	ENST00000577809_1	21	-	32341182	32341203	0	1	21	0	ENST00000577809	21	-13.644047305697487	-10.092571420328957	1.0724761935749225		-14.448553285040854	-14.448553285040854	-0.30701790084252306	-1.7548999547958375	21	1244	32339938	32341203	1	17:32341182-32341203	17:32339938-32341203
17	35141879	35141978	ENST00000442241_1	99	-	35141879	35141978	0	1	99	0	ENST00000442241	99	-23.536848584810894	-18.266565759976704	-0.4409595943147768	-5.588599860668182	-14.868898431275387	-13.665558081666461	-0.2567784672306001	3.6630001068115234	99	1813	35140066	35141978	3	17:35141879-35141978	17:35140066-35141978
17	40558803	40558890	ENST00000246657_1	87	-	40558803	40558890	0	1	87	0	ENST00000246657	87	-19.465023024328822	-19.465023024328822	-0.05188405888317072	-15.01690034866333	-22.380507100153864	-22.380507100153864	-0.02860857770030916	4.1603001177310945	87	2987	40555818	40558892	1	17:40558803-40558890	17:40555818-40558892
17	41525106	41525190	ENST00000361566_1	84	-	41525106	41525190	0	1	84	0	ENST00000361566	84	-32.5852260305768	-25.758821436337062	-0.27845238386985977	-23.371799898147582	-27.822486084755337	-24.658943718838916	-0.3174766316122123	-20.159399694204332	84	107	41524999	41525190	1	17:41525106-41525190	17:41524999-41525190
17	41835725	41835857	ENST00000435506_1	132	-	41835725	41835857	0	1	132	0	ENST00000435506	132	-17.57813628830693	-14.566651509566741	0.03294697005890846	-8.373699676990508	-22.525090953014058	-18.28827750461283	-0.11949554683284098	-11.530199944972992	132	454	41835272	41835858	3	17:41835725-41835857	17:41835272-41835858
17	57849176	57849239	ENST00000313608_1	63	-	57849176	57849239	0	1	63	0	ENST00000313608	63	-19.10371407866478	-19.10371407866478	0.6439682603591964	-11.37819958627224	-12.262029809146334	-12.262029809146334	-0.1863181591016859	12.314000129699707	63	7916	57841260	57849239	3	17:57849176-57849239	17:57841260-57849239
17	82664450	82664495	ENST00000571995_1	45	-	82664450	82664495	0	1	45	0	ENST00000571995	45	-9.290400115648906	-4.390044489834044	-0.1851777672767639	-6.051500141620636	-9.520728609632936	-9.520728609632936	-0.7274872542939425	7.006000121434529	45	3403	82661047	82664495	3	17:82664450-82664495	17:82661047-82664495
18	26087413	26087500	ENST00000415083_1	87	-	26087413	26087500	0	1	87	0	ENST00000415083	87	-29.275425529342957	-22.979655249365443	1.0899759072428905	-24.539999967813493	-18.25345654825798	-18.127594085589347	-0.056395780318571787	5.127000093460083	87	9253	26078160	26087500	2	18:26087413-26087500	18:26078160-26087500
18	31666234	31666255	ENST00000306851_1	21	-	31666234	31666255	0	1	21	0	ENST00000306851	21	-33.63023803347633	-24.290856778621674	1.9969523547416819		-25.21999841856418	-25.134737891098382	0.0862820762846342	35.383799481391904	21	26201	31658089	31684311	2	18:31666234-31666255	18:31658089-31684311
18	57620472	57620568	ENST00000256854_1	96	-	57620472	57620568	0	1	96	0	ENST00000256854	96	-28.576343677937984	-22.416812736541033	0.028395836226991378	-15.138999724388123	-17.188173199396648	-16.437540963504766	-0.18855463249007165	10.1850004196167	96	4497	57615975	57620568	1	18:57620472-57620568	18:57615975-57620568
18	74263309	74263348	ENST00000340533_1	39	-	74263309	74263348	0	1	39	0	ENST00000340533	39	-37.191358981988365	-30.052666609103863	0.5034102363846241	-34.51550010045369	-19.86232501331288	-19.86232501331288	-0.4452145018836003	3.9079999923706055	39	2365	74260944	74263348	2	18:74263309-74263348	18:74260944-74263348
19	677977	678070	ENST00000166139_1	93	+	677977	678070	0	1	93	0	ENST00000166139	93	-12.17770005017519	-12.17770005017519	-0.36872042364050306	-3.398333461748229	-17.6124537176659	-17.30848146499464	-0.07340248346434976	11.398499965667725	93	2203	677977	680273	2	19:677977-678070	19:677977-680273
19	6361940	6362054	ENST00000245816_1	114	+	6361940	6362054	0	1	114	0	ENST00000245816	114	-21.19235117693205	-15.665763090201246	-0.27130000441419805	-12.657799923419953	-23.259061439262936	-23.259061439262936	-0.44382051402368605	-9.397600150108337	114	391	6361940	6362445	3	19:6361940-6362054	19:6361940-6362445
19	10106673	10106844	ENST00000253107_1	171	+	10106673	10106844	0	1	171	0	ENST00000253107	171	-21.501298310463888	-21.501298310463888	-0.48060818861595395	-14.324599874019622	-15.98673475669589	-15.98673475669589	-0.526302508241278	-3.4851999938488007	171	662	10106671	10107504	1	19:10106673-10106844	19:10106671-10107504
19	12939237	12939405	ENST00000316448_1	168	+	12939237	12939405	0	1	168	0	ENST00000316448	168	-29.561642781432187	-27.93325593978876	0.15756547342364988	-3.8320000171661377	-38.702625234921776	-22.339333305756252	1.3073333424205582		168	24	12939235	12939427	1	19:12939237-12939405	19:12939235-12939427
19	13765110	13765167	ENST00000040663_1	57	+	13765110	13765167	0	1	57	0	ENST00000040663	57	-23.951210574099893	-17.17131576255748	-0.3487894757111606	-12.91629991531372	-24.087539512507224	-24.087539512507224	-0.4569555270474338	-1.0555000305175781	57	787	13765109	13765953	1	19:13765110-13765167	19:13765109-13765953
19	13774708	13774807	ENST00000588234_1	99	+	13774708	13774807	0	1	99	0	ENST00000588234	99	-14.071424160942886	-9.422282906945306	-0.3772959171566276	-10.461400121450424	-13.484612058787071	-11.875048748359202	-0.4532868218570722	7.72549994289875	99	3378	13774574	13778051	2	19:13774708-13774807	19:13774574-13778051
19	32582233	32582251	ENST00000590247_1	18	+	32582233	32582251	0	1	18	0	ENST00000590247	18	-35.069666941960655	-29.019389152526855	0.727555540493793		-23.238184418782303	-22.29952264725069	-0.12447444903231804	-0.880428603717259	18	2704	32582232	32584954	2	19:32582233-32582251	19:32582232-32584954
19	38905120	38905171	ENST00000313582_1	51	+	38905120	38905171	0	1	51	0	ENST00000313582	51	-29.162352618049173	-24.94025498161129	0.17121567336075447	-19.464299726486207	-20.19870046377182	-17.792633136113484	1.1953333258628844	-20.19870046377182	51	30	38905120	38905201	2	19:38905120-38905171	19:38905120-38905201
19	40757504	40757552	ENST00000243563_1	48	+	40757504	40757552	0	1	48	0	ENST00000243563	48	-17.116125017404556	-17.116125017404556	0.07743749207778212	-16.29709997177124	-12.599738491240602	-11.898351254285528	-0.5777888013488303	5.585000038146973	48	1878	40757504	40759430	3	19:40757504-40757552	19:40757504-40759430
19	41316841	41316958	ENST00000269967_1	117	+	41316841	41316958	0	1	117	0	ENST00000269967	117	-22.096538400038696	-22.096538400038696	-0.2982307648212593	-9.274299991130828	-17.851075154246658	-17.851075154246658	-0.378411101022732	2.8210000097751617	117	2617	41316839	41319573	2	19:41316841-41316958	19:41316839-41319573
19	58545537	58545744	ENST00000253024_1	207	+	58545537	58545744	0	1	207	0	ENST00000253024	207	-32.09094114952228	-31.503196055836536	-0.7914114511562124	-17.552700066566466	-37.594631245261745	-26.757158078645404	0.49552629089080974		207	19	58545537	58545763	1	19:58545537-58545744	19:58545537-58545763
19	2328350	2328386	ENST00000252622_1	36	-	2328350	2328386	0	1	36	0	ENST00000252622	36	-8.017750178774198	-6.433611174424489	0.8732499765853087	-8.548400205373763	-7.818501296694058	-7.818501296694058	-0.6337798531716392	10.336000442504883	36	4154	2324196	2328386	3	19:2328350-2328386	19:2324196-2328386
19	3061117	3061159	ENST00000327141_1	42	-	3061117	3061159	0	1	42	0	ENST00000327141	42	-11.866047663348061	-11.866047663348061	-0.38142857956700027	-8.409233423074086	-14.21457552026316	-14.21457552026316	-0.7659828013928761	2.6716666403743954	42	3375	3057742	3061159	2	19:3061117-3061159	19:3057742-3061159
19	3550743	3550983	ENST00000355415_1	240	-	3550743	3550983	0	1	240	0	ENST00000355415	240	-12.686570880562067	-9.940620261185531	-1.5986249888970634	-6.310100013017655	-17.382119126377265	-15.28329933358083	-0.6381445347749051	-0.3422500193119049	240	2476	3548267	3550983	1	19:3550743-3550983	19:3548267-3550983
19	6590036	6590102	ENST00000245903_1	66	-	6590036	6590102	0	1	66	0	ENST00000245903	66	-26.318500113487243	-22.41406360410509	-0.9423636249407674	-16.775750279426575	-11.292255469782953	-11.292255469782953	-0.910445281480537	0.5540000200271606	66	3631	6586405	6590102	3	19:6590036-6590102	19:6586405-6590102
19	15929401	15929455	ENST00000402119_1	54	-	15929401	15929455	0	1	54	0	ENST00000402119	54	-14.217426043969613	-14.217426043969613	-8.062870368637421	-4.870200204849243	-28.50771875364411	-26.03418367239501	-5.749002090030448	-5.102000289493137	54	1919	15927483	15929456	2	19:15929401-15929455	19:15927483-15929456
19	19134693	19134783	ENST00000162044_1	90	-	19134693	19134783	0	1	90	0	ENST00000162044	90	-19.335066634913286	-13.629700016975402	-0.5611777754345287	-9.756800130009651	-14.360900576908183	-13.079629493892856	-0.19186798949845685	4.683000087738037	90	1483	19133210	19134783	1	19:19134693-19134783	19:19133210-19134783
19	19202640	19202790	ENST00000331552_1	150	-	19202640	19202790	0	1	150	0	ENST00000331552	150	-28.99073979953925	-26.343879998524983	-0.4249000003250937	-10.483699807524681	-34.24626143528865	-25.99792319077712	0.23483871410210286	-30.929700124263764	150	65	19202575	19202790	1	19:19202640-19202790	19:19202575-19202790
19	35907604	35907727	ENST00000262629_1	123	-	35907604	35907727	0	1	123	0	ENST00000262629	123	-26.3097482299417	-25.73147151764573	0.015073170166129505	-14.838399887084961	-23.833346467751724	-19.991730845891514	1.192884599789977		123	26	35907580	35907729	2	19:35907604-35907727	19:35907580-35907729
19	36114547	36114658	ENST00000221859_1	111	-	36114547	36114658	0	1	111	0	ENST00000221859	111	-26.99841443080086	-26.99841443080086	-0.8377297322542684	-17.219200015068054	-29.246696431548507	-29.246696431548507	-0.5687481561744655	-21.307500171661378	111	135	36114412	36114658	2	19:36114547-36114658	19:36114412-36114658
19	47046487	47046592	ENST00000253047_1	105	-	47046487	47046592	0	1	105	0	ENST00000253047	105	-30.10544778165363	-26.0630571944373	-0.5353838401185725	-16.62239991426468	-25.63752337935123	-24.603638418811432	-1.0099304326005158	-7.436500003933906	105	235	47046252	47046592	2	19:47046487-47046592	19:47046252-47046592
19	48617628	48617790	ENST00000549920_1	162	-	48617628	48617790	0	1	162	0	ENST00000549920	162	-26.993660534789534	-17.439209939153105	-0.5183703718321789	-16.001899987459183	-26.88839706284317	-22.944793948126797	-0.9292388037177247	-13.210600233078003	162	205	48617423	48617790	1	19:48617628-48617790	19:48617423-48617790
19	48635362	48635578	ENST00000222122_1	216	-	48635362	48635578	0	1	216	0	ENST00000222122	216	-25.30667588804607	-18.90556936835249	-0.022319443696889922	-8.76389998793602	-21.990492484227065	-21.990492484227065	0.271526945003972	-0.04549992084503174	216	1708	48633655	48635579	2	19:48635362-48635578	19:48633655-48635579
19	55157277	55157295	ENST00000344887_1	18	-	55157277	55157295	0	1	18	0	ENST00000344887	18	-19.561667283376057	-7.321333368619283	1.503444486621043		-26.701070847240747	-21.540276659295913	-0.4203680587816052	-15.944899694124858	18	144	55157133	55157295	1	19:55157277-55157295	19:55157133-55157295
19	58516344	58516392	ENST00000594051_1	48	-	58516344	58516392	0	1	48	0	ENST00000594051	48	-19.186520845939715	-7.490250083385035	0.2815624979751495	-12.762066731850306	-18.724995351035258	-17.38186296218748	-0.6065953333878079	-0.8501250594854355	48	2036	58514310	58516394	1	19:58516344-58516392	19:58514310-58516394
2	27034266	27034317	ENST00000238788_1	51	+	27034266	27034317	0	1	51	0	ENST00000238788	51	-32.81082326173782	-30.27029398843354	0.7762548994711217	-20.006999683380126	-18.960497825638328	-18.960497825638328	0.008792892534413612	4.1864999160170555	51	817	27034266	27035134	1	2:27034266-27034317	2:27034266-27035134
2	27772692	27772752	ENST00000296102_1	60	+	27772692	27772752	0	1	60	0	ENST00000296102	60	-30.84589992761612	-24.61818323719005	1.456166655321916	-29.653099799156188	-28.113827285604724	-26.36168589457262	0.30955356239151144	-10.891800147294997	60	1671	27772692	27774423	1	2:27772692-27772752	2:27772692-27774423
2	28404358	28404448	ENST00000264716_1	90	+	28404358	28404448	0	1	90	0	ENST00000264716	90	-28.718233454227448	-25.38141082127889	-0.3618555546220806	-18.02330012321472	-23.884886670369625	-23.688809325859186	-0.0597787486730691	2.1922221779823303	90	4310	28404358	28408758	2	2:28404358-28404448	2:28404358-28408758
2	47791123	47791177	ENST00000234420_1	54	+	47791123	47791177	0	1	54	0	ENST00000234420	54	-24.131937757134438	-18.188937639196713	-0.11835185655703147	-21.479100632667542	-16.671996862289035	-16.496386174541286	-0.3549412769473853	7.7179999351501465	54	4716	47791123	47795893	2	2:47791123-47791177	2:47791123-47795893
2	74483410	74483554	ENST00000233623_1	144	+	74483410	74483554	0	1	144	0	ENST00000233623	144	-30.457520986596744	-22.578861200586996	-0.6896666672465572	-14.799600052833558	-14.200229247431958	-14.200229247431958	-0.02664692678587887	6.6620001792907715	144	6470	74483410	74490024	2	2:74483410-74483554	2:74483410-74490024
2	119368305	119368431	ENST00000355857_1	126	+	119368305	119368431	0	1	126	0	ENST00000355857	126	-23.295261949300766	-18.76320627852092	0.2940634870402781	-9.52559990286827	-24.699064977074553	-23.46618306330794	0.0480267903636642	5.731500029563904	126	2308	119368305	119370739	1	2:119368305-119368431	2:119368305-119370739
2	181892660	181892810	ENST00000431877_1	150	+	181892660	181892810	0	1	150	0	ENST00000431877	150	-12.280080080032349	-12.280080080032349	0.9234545517505871	4.9718998670578	-26.220845137243227	-26.220845137243227	0.7427703840822091	-1.8822000086307527	150	3219	181892660	181896029	3	2:181892660-181892810	2:181892660-181896029
2	216113129	216113159	ENST00000392132_1	30	+	216113129	216113159	0	1	30	0	ENST00000392132	30	-13.078100299835205	-13.078100299835205	1.7802000006039937	-13.078100299835205	-23.19963684001271	-22.418633923768645	0.09521806190238462	-4.702199840545655	30	3499	216113129	216116658	3	2:216113129-216113159	2:216113129-216116658
2	237087197	237087272	ENST00000354371_1	75	+	237087197	237087272	0	1	75	0	ENST00000354371	75	-18.446800146102905	-18.446800146102905	-0.0015866608421007792	-16.524400091171266	-19.866868925711206	-19.065204302254582	-0.3554175070872549	-0.9075001239776611	75	1332	237087197	237088604	3	2:237087197-237087272	2:237087197-237088604
2	241030571	241030832	ENST00000310397_1	261	+	241030571	241030832	0	1	261	0	ENST00000310397	261	-20.082965667220368	-16.69602687331452	-0.2821215651911117	-7.571700114011764	-15.650350486750428	-15.650350486750428	-0.6757153103238855	3.234999895095825	261	2902	241030571	241033734	3	2:241030571-241030832	2:241030571-241033734
2	241153606	241153765	ENST00000234038_1	159	+	241153606	241153765	0	1	159	0	ENST00000234038	159	-21.5430377193217	-20.256295417839628	-0.7113630575162009	-6.103600025177002	-17.490382467207326	-17.259778430289888	-0.5159736903737291	0.9426667094230652	159	4043	241153604	241157806	2	2:241153606-241153765	2:241153604-241157806
2	24073955	24074075	ENST00000233468_1	120	-	24073955	24074075	0	1	120	0	ENST00000233468	120	-19.878899869322776	-15.63702497035265	0.688758338787981	-9.333899939060212	-16.235018739838075	-15.682166363453081	-0.1267596100192707	2.9049999713897705	120	5496	24068459	24074075	3	2:24073955-24074075	2:24068459-24074075
2	61420715	61420745	ENST00000398571_1	30	-	61420715	61420745	0	1	30	0	ENST00000398571	30	-19.43030002117157	-19.43030002117157	2.555300010368228	-19.43030002117157	-16.534619901411375	-16.534619901411375	-0.04921500501553118	12.059000015258789	30	14587	61406128	61420745	3	2:61420715-61420745	2:61406128-61420745
2	71124159	71124204	ENST00000244217_1	45	-	71124159	71124204	0	1	45	0	ENST00000244217	45	-22.696533391210767	-22.696533391210767	0.4851555580687192	-21.248500204086305	-14.065092119317423	-13.860464877793556	-0.11101084372794257	10.121000289916992	45	14038	71110122	71124205	1	2:71124159-71124204	2:71110122-71124205
2	74507017	74507041	ENST00000233630_1	24	-	74507017	74507041	0	1	24	0	ENST00000233630	24	-19.31358341375987	-16.510124921798706	2.474916696199216		-26.245789492936957	-24.750924746793014	0.6937969948490732	-18.518900096416473	24	133	74506884	74507041	2	2:74507017-74507041	2:74506884-74507041
2	96144697	96144760	ENST00000288943_1	63	-	96144697	96144760	0	1	63	0	ENST00000288943	63	-18.969904843776945	-18.969904843776945	-0.14712697743541664	-15.04590003490448	-29.612267900014594	-26.90670679633816	-0.8117213638116614	-11.718777792321312	63	324	96144373	96144760	2	2:96144697-96144760	2:96144373-96144760
2	112250175	112250190	ENST00000409573_1	15	-	112250175	112250190	0	1	15	0	ENST00000409573	15	-12.172600015004475	-12.172600015004475	3.2117999960978825		-12.887282621898239	-12.887282621898239	0.04127792350797079	8.648000061511993	15	11647	112238528	112250190	1	2:112250175-112250190	2:112238528-112250190
2	131491635	131491875	ENST00000309451_1	240	-	131491635	131491875	0	1	240	0	ENST00000309451	240	-26.288869067083432	-21.708237383514643	-0.31883193336196336	-13.029100131988525	-14.785829620059783	-14.785829620059783	-0.5808015980675381	2.065000057220459	240	7417	131484218	131491875	1	2:131491635-131491875	2:131484218-131491875
2	218668529	218668604	ENST00000295704_1	75	-	218668529	218668604	0	1	75	0	ENST00000295704	75	-22.473840299844742	-20.766920104026795	1.150786674444874	-19.219400310516356	-23.42248921952349	-23.42248921952349	1.1123191595623676	-8.409500002861023	75	188	218668341	218668604	3	2:218668529-218668604	2:218668341-218668604
2	224557619	224557658	ENST00000264414_1	39	-	224557619	224557658	0	1	39	0	ENST00000264414	39	-10.66300001511207	-10.66300001511207	3.7106923376902556	-5.668300032615662	-23.770017764519302	-23.473839685517092	0.349347717927988	6.697000026702881	39	21978	224535641	224557658	3	2:224557619-224557658	2:224535641-224557658
2	238194625	238194802	ENST00000254654_1	177	-	238194625	238194802	0	1	177	0	ENST00000254654	177	-2.0244576205304785	-2.0244576205304785	5.164468894644225	7.122999992966652	-15.178915601324391	-15.158104806131607	1.352878373178002	1.4601998388767243	177	296	238194331	238194804	2	2:238194625-238194802	2:238194331-238194804
20	20022481	20022511	ENST00000334982_1	30	+	20022481	20022511	0	1	30	0	ENST00000334982	30	-12.34970010817051	-9.420100084940593	2.040266660352548	-12.34970010817051	-23.179668406148405	-22.798182661467735	0.05664547954914875	1.3934999406337738	30	3166	20022480	20025676	2	20:20022481-20022511	20:20022480-20025676
20	33848644	33848803	ENST00000217402_1	159	+	33848644	33848803	0	1	159	0	ENST00000217402	159	-24.40409456151274	-24.40409456151274	0.042980520107614044	-7.276199861615896	-21.685617101926965	-21.24435572945609	-0.05072390611232861	0.6489999890327454	159	2148	33848644	33850951	2	20:33848644-33848803	20:33848644-33850951
20	50818282	50818372	ENST00000371608_1	90	+	50818282	50818372	0	1	90	0	ENST00000371608	90	-19.796100001533826	-15.416644385125903	0.8501999962971443	-11.867500132322311	-17.41516807752776	-17.013666643078203	-0.5294151065921755	12.33899974822998	90	11906	50818282	50830278	2	20:50818282-50818372	20:50818282-50830278
20	2467522	2467606	ENST00000381342_1	84	-	2467522	2467606	0	1	84	0	ENST00000381342	84	-29.96972622828824	-22.5243926857199	0.5765357149232712	-18.743500123421352	-27.07365471874957	-23.416153824695122	1.2185202580616885	-1.0733997821807861	84	1703	2465819	2467606	2	20:2467522-2467606	20:2465819-2467606
20	5946379	5946403	ENST00000203001_1	24	-	5946379	5946403	0	1	24	0	ENST00000203001	24	-30.502874215443928	-21.62708342075348	0.2167083368015786		-24.3658422394732	-24.3658422394732	0.14596864281864375	-4.212111208173964	24	1467	5944914	5946405	2	20:5946379-5946403	20:5944914-5946405
20	17956911	17956932	ENST00000377759_1	21	-	17956911	17956932	0	1	21	0	ENST00000377759	21	-20.648428337914602	-18.74066666194371	1.3374285736963862		-15.918248980078758	-15.918248980078758	-0.14508913722368214	6.235000133514404	21	1436	17955475	17956932	1	20:17956911-17956932	20:17955475-17956932
20	63215448	63215574	ENST00000370339_1	126	-	63215448	63215574	0	1	126	0	ENST00000370339	126	-15.478499883697147	-15.478499883697147	-0.33071428544852616	1.854900026321411	-18.14390216670179	-17.27978978253613	-0.26512333387113174	4.976000070571899	126	1507	63213943	63215576	1	20:63215448-63215574	20:63213943-63215576
21	36709250	36709505	ENST00000290399_1	255	+	36709250	36709505	0	1	255	0	ENST00000290399	255	-23.89254215826471	-15.29321430141609	-0.8559504115919405	1.2267000079154968	-20.725882128683047	-20.643422189790133	0.4198197563713415	0.8594000697135925	255	3027	36709250	36712532	3	21:36709250-36709505	21:36709250-36712532
21	43669966	43670071	ENST00000340648_1	105	+	43669966	43670071	0	1	105	0	ENST00000340648	105	-26.56442862323352	-25.940409220967975	-0.5734666605080877	-10.402599695324898	-15.099218190537337	-15.099218190537337	-0.40890776349947106	10.774999618530273	105	2236	43669966	43672307	2	21:43669966-43670071	21:43669966-43672307
21	41942005	41942146	ENST00000380486_1	141	-	41942005	41942146	0	1	141	0	ENST00000380486	141	-30.598766056992485	-25.466234095341772	-0.6508439731386206	-13.992999961972236	-17.405536056713174	-16.81305047082722	-0.5139250401488278	9.548999786376953	141	19920	41922085	41942146	2	21:41942005-41942146	21:41922085-41942146
21	43104215	43104314	ENST00000291552_1	99	-	43104215	43104314	0	1	99	0	ENST00000291552	99	-22.948606317693535	-19.804413897822602	0.8995757688852873	-13.771999931335449	-17.583285828560882	-17.583285828560882	1.4959565590698642	4.42799996137619	99	3696	43100519	43104314	3	21:43104215-43104314	21:43100519-43104314
21	45285399	45285675	ENST00000349485_1	276	-	45285399	45285675	0	1	276	0	ENST00000349485	276	-16.084613045741772	-16.084613045741772	-1.0073188404933098	-4.30289996266365	-17.82705240120794	-17.025844071213193	-1.1087523094062997	-1.5719000577926636	276	1874	45283527	45285677	1	21:45285399-45285675	21:45283527-45285677
22	23894945	23895005	ENST00000215754_1	60	+	23894945	23895005	0	1	60	0	ENST00000215754	60	-25.14636901177858	-20.518932196138017	-0.9066166748603185	-20.652700293064118	-34.10614271163941	-14.860545298253948	-0.03354286668556077	-35.01346650123596	60	35	23894944	23895039	3	22:23894945-23895005	22:23894944-23895039
22	23967562	23967616	ENST00000215770_1	54	+	23967562	23967616	0	1	54	0	ENST00000215770	54	-29.025166299608017	-21.758852110968697	0.16696296192498672	-18.52849998474121	-14.573747064956157	-14.573747064956157	-0.31076853294333395	3.450000047683716	54	3670	23967561	23971285	2	22:23967562-23967616	22:23967561-23971285
22	37024810	37024903	ENST00000429360_1	93	+	37024810	37024903	0	1	93	0	ENST00000429360	93	-15.919838610195345	-15.919838610195345	-0.18650649636137215	-6.320799997448921	-18.154236452191235	-17.335142248740393	-0.601813991386731	6.257999897003174	93	4312	37024810	37029215	2	22:37024810-37024903	22:37024810-37029215
22	39043090	39043159	ENST00000308521_1	69	+	39043090	39043159	0	1	69	0	ENST00000308521	69	-7.808695609154909	-5.972608672535938	-1.4638985554701176	-1.4108999788761138	-12.673184580296175	-12.525647988465034	-0.8894459216030257	-1.4290000200271606	69	1781	39043090	39044940	2	22:39043090-39043159	22:39043090-39044940
22	40953633	40953666	ENST00000216225_1	33	+	40953633	40953666	0	1	33	0	ENST00000216225	33	-8.299272710626775	-8.299272710626775	3.8325757382042482	-7.89980001449585	-14.533248532907882	-14.1836195357408	-0.28654471044178903	4.144999980926514	33	10380	40953633	40964046	1	22:40953633-40953666	22:40953633-40964046
22	50206520	50206595	ENST00000380903_1	75	+	50206520	50206595	0	1	75	0	ENST00000380903	75	-17.646000034809113	-17.646000034809113	-0.15250666499137877	-11.786100131273269	-10.404260742105174	-10.317997357766224	-0.7103541991896282	5.175999879837036	75	1940	50206520	50208535	3	22:50206520-50206595	22:50206520-50208535
22	19447193	19447376	ENST00000399562_1	183	-	19447193	19447376	0	1	183	0	ENST00000399562	183	-21.20483037677862	-14.019861180914774	-0.2625355151198204	-5.569300049543381	-17.494173552586023	-17.494173552586023	-0.17130738054367806	1.2184999734163284	183	2804	19444390	19447377	3	22:19447193-19447376	22:19444390-19447377
22	21807650	21807662	ENST00000215832_1	12	-	21807650	21807662	0	1	12	0	ENST00000215832	12	-21.39174936711788	-16.950666774064302	5.870666751133588		-27.956438327535228	-26.55353324831162	0.02133167678886527	-13.255800126492977	12	1612	21806039	21807663	3	22:21807650-21807662	22:21806039-21807663
22	23767346	23767373	ENST00000484558_1	27	-	23767346	23767373	0	1	27	0	ENST00000484558	27	-18.131222036149765	-6.574888940210696	1.0308888749115996		-20.694526893429703	-20.144882209599018	-0.1611561895413546	-1.465571369443621	27	1050	23766296	23767373	3	22:23767346-23767373	22:23766296-23767373
22	23973712	23973766	ENST00000398344_1	54	-	23973712	23973766	0	1	54	0	ENST00000398344	54	-18.021944502437556	-18.021944502437556	-0.23809259164112587	-11.43429989318053	-19.755913428859255	-18.970272074478434	-0.18320067622356281	12.767999649047852	54	2090	23971623	23973767	2	22:23973712-23973766	22:23971623-23973767
22	41946353	41946416	ENST00000215980_1	63	-	41946353	41946416	0	1	63	0	ENST00000215980	63	-15.609333183084216	-10.095904751429481	0.10739682470670059	-12.816200083494186	-20.079215528250767	-20.079215528250767	-0.450499998875298	-6.585799910128117	63	348	41946005	41946416	3	22:41946353-41946416	22:41946005-41946416
3	14129561	14129594	ENST00000306077_1	33	+	14129561	14129594	0	1	33	0	ENST00000306077	33	-21.124999804930255	-18.594939455841526	0.3036666772130764	-21.74419982433319	-20.011124665508184	-19.123215599822394	-0.20957280729566455	-0.5249999761581421	33	1227	14129561	14130821	3	3:14129561-14129594	3:14129561-14130821
3	49413110	49413215	ENST00000273590_1	105	+	49413110	49413215	0	1	105	0	ENST00000273590	105	-24.854685722078596	-24.854685722078596	1.1447899892088025	-15.513699889183044	-22.011481627515288	-20.677761174005777	0.14444139703702963	2.43833335240682	105	1604	49413110	49414819	3	3:49413110-49413215	3:49413110-49414819
3	52686827	52686875	ENST00000418458_1	48	+	52686827	52686875	0	1	48	0	ENST00000418458	48	-28.495500076329336	-28.495500076329336	0.34797918346400064	-28.005900192260743	-31.53832954571054	-31.513702813354698	-0.18983243237236969	-19.600599801540376	48	370	52686827	52687245	3	3:52686827-52686875	3:52686827-52687245
3	56558910	56558934	ENST00000394672_1	24	+	56558910	56558934	0	1	24	0	ENST00000394672	24	-23.763000011444092	-21.873708486557007	2.638708318937764		-26.369706879114577	-26.369706879114577	0.9664037814980801	-9.349100065231323	24	634	56558910	56559568	1	3:56558910-56558934	3:56558910-56559568
3	119500860	119500899	ENST00000494664_1	39	+	119500860	119500899	0	1	39	0	ENST00000494664	39	-32.88500027358532	-25.024307336562718	1.1089230755057473	-30.859100399911405	-17.843546070357405	-17.843546070357405	0.02644756752712791	1.4600000381469727	39	2632	119500860	119503531	1	3:119500860-119500899	3:119500860-119503531
3	186784477	186784501	ENST00000323963_1	24	+	186784477	186784501	0	1	24	0	ENST00000323963	24	-20.908874541521072	-20.908874541521072	1.8102916579615946		-37.78641940701392	-32.374757689814416	0.10743548097689787	-32.91579999923706	24	62	186784477	186784563	2	3:186784477-186784501	3:186784477-186784563
3	52270693	52270711	ENST00000296490_1	18	-	52270693	52270711	0	1	18	0	ENST00000296490	18	-9.417499820391336	-9.417499820391336	3.1537222233083515		-19.39992345130831	-19.39992345130831	0.8063988046668236	8.150700294971466	18	3675	52267018	52270711	2	3:52270693-52270711	3:52267018-52270711
3	101686340	101686481	ENST00000394077_1	141	-	101686340	101686481	0	1	141	0	ENST00000394077	141	-25.828021418963765	-25.828021418963765	-0.38819858318207956	-11.789599895477295	-28.89276519038858	-28.453402864050517	-0.47712750085047445	-15.297699880599975	141	412	101685928	101686481	3	3:101686340-101686481	3:101685928-101686481
3	109333824	109333869	ENST00000335658_1	45	-	109333824	109333869	0	1	45	0	ENST00000335658	45	-30.069999896155462	-25.992133553822836	-0.2035111078268124	-27.972733354568483	-15.37326603216168	-15.37326603216168	-0.48739062530122673	-1.5006666365596983	45	1793	109332031	109333869	1	3:109333824-109333869	3:109332031-109333869
3	112130342	112130444	ENST00000308910_1	102	-	112130342	112130444	0	1	102	0	ENST00000308910	102	-30.630480356076184	-26.627000163583194	-0.11414705856027556	-22.07550004720688	-29.58429527757201	-28.70662141395277	-0.15875843991654084	-8.421099925041199	102	2281	112128061	112130444	3	3:112130342-112130444	3:112128061-112130444
3	112558321	112558375	ENST00000283290_1	54	-	112558321	112558375	0	1	54	0	ENST00000283290	54	-27.37716664208306	-26.711888721695654	1.4964074201696482	-19.662500047683714	-26.55459004338903	-26.19536680266049	0.4004623649894022	8.279999732971191	54	4992	112553329	112558375	2	3:112558321-112558375	3:112553329-112558375
3	120450512	120450683	ENST00000295633_1	171	-	120450512	120450683	0	1	171	0	ENST00000295633	171	-20.183410759837855	-14.902731912476677	0.29721636944096425	1.535233449935913	-23.774497412227813	-23.616661142824015	0.3719374428171131	4.6529998779296875	171	34485	120416027	120450683	3	3:120450512-120450683	3:120416027-120450683
3	123956727	123956739	ENST00000409697_1	12	-	123956727	123956739	0	1	12	0	ENST00000409697	12	-16.374833037455875	-13.648499965667725	3.298833303153515		-31.942393311460812	-29.544399859756233	0.8364432971329265	-13.495700222253799	12	300	123956427	123956739	1	3:123956727-123956739	3:123956427-123956739
3	185926535	185926598	ENST00000453386_1	63	-	185926535	185926598	0	1	63	0	ENST00000453386	63	-14.684777547442724	-14.684777547442724	2.3773750183172524	-11.027399587631226	-24.669368958995076	-24.669368958995076	0.6043315082493276	-7.287900111079216	63	911	185925626	185926600	3	3:185926535-185926598	3:185925626-185926600
3	196407202	196407244	ENST00000296328_1	42	-	196407202	196407244	0	1	42	0	ENST00000296328	42	-19.005356992994034	-15.250071482998985	1.9632857026798385	-17.823700046539308	-16.76742318186077	-16.477742841908057	0.004916031397642078	4.8420000076293945	42	4184	196403019	196407245	2	3:196407202-196407244	3:196403019-196407245
3	196951770	196951818	ENST00000412723_1	48	-	196951770	196951818	0	1	48	0	ENST00000412723	48	-27.736375053723652	-14.250187747180462	-0.2311666663348054	-18.760099983215333	-16.50591138797069	-16.50591138797069	-0.23910341478234648	13.600000381469727	48	3087	196948685	196951820	1	3:196951770-196951818	3:196948685-196951820
4	41257126	41257291	ENST00000284440_1	165	+	41257126	41257291	0	1	165	0	ENST00000284440	165	-23.505381710962816	-20.222551427465497	0.3046727330311004	-8.316799998283386	-17.445728662802782	-17.36492354930586	0.8892744501155863	-0.11629994884133339	165	317	41257126	41257608	2	4:41257126-41257291	4:41257126-41257608
4	88019571	88019637	ENST00000237596_1	66	+	88019571	88019637	0	1	66	0	ENST00000237596	66	-20.591545369052753	-20.591545369052753	1.304181839692209	-17.994799733161926	-18.281819257343017	-18.281819257343017	-0.1348847096280582	11.904000282287598	66	16582	88019571	88036219	1	4:88019571-88019637	4:88019571-88036219
4	99028918	99028993	ENST00000296411_1	75	+	99028918	99028993	0	1	75	0	ENST00000296411	75	-24.87732010304928	-23.191719778378804	0.9619733327130476	-17.959500037133694	-22.326425085144905	-22.019226949717208	0.2200633702087871	0.5890000334807804	75	5236	99028918	99034229	2	4:99028918-99028993	4:99028918-99034229
4	151100588	151100777	ENST00000274065_1	189	+	151100588	151100777	0	1	189	0	ENST00000274065	189	-23.876952435732598	-23.876952435732598	-0.18482257959042345	-8.955599880218506	-25.36141637360989	-24.221568492009556	-0.21896954516520922	-12.497099769115447	189	197	151100588	151100974	3	4:151100588-151100777	4:151100588-151100974
4	673689	673911	ENST00000304312_1	222	-	673689	673911	0	1	222	0	ENST00000304312	222	-13.056246582639815	-12.223162241682813	-0.5780630648500068	1.9144998431205749	-20.299204862159158	-16.93292013835162	-0.7370486133642973	-10.080000096559525	222	288	673401	673911	1	4:673689-673911	4:673401-673911
4	1711585	1711873	ENST00000489418_1	288	-	1711585	1711873	0	1	288	0	ENST00000489418	288	-8.978604194514142	-7.316555546596646	-1.4303159741717133	0.5667998921126127	-13.092645466651687	-12.446143672025848	-0.18193475743697915	4.932000160217285	288	7885	1703700	1711873	2	4:1711585-1711873	4:1703700-1711873
4	78935024	78935120	ENST00000512733_1	96	-	78935024	78935120	0	1	96	0	ENST00000512733	96	-27.729323183496792	-19.09420823965532	0.9003124975691511	-16.748000288009642	-23.765700259198354	-23.765700259198354	0.04443115696307084	8.069000244140625	96	4699	78930325	78935120	3	4:78935024-78935120	4:78930325-78935120
4	82371494	82371527	ENST00000313899_1	33	-	82371494	82371527	0	1	33	0	ENST00000313899	33	-6.56069687370098	-6.56069687370098	7.863424195484682	-6.531299913922946	-23.252111054336392	-23.252111054336392	0.6470979957500046	6.665999889373779	33	11855	82359639	82371527	3	4:82371494-82371527	4:82359639-82371527
4	98901788	98901875	ENST00000450253_1	87	-	98901788	98901875	0	1	87	0	ENST00000450253	87	-20.661954202871215	-16.64663109502622	0.6862528907100338	-16.45800025463104	-15.673586939210358	-15.099773776637052	0.054443223723581624	8.03600025177002	87	10456	98891332	98901875	3	4:98901788-98901875	4:98891332-98901875
5	1802374	1802404	ENST00000274137_1	30	+	1802374	1802404	0	1	30	0	ENST00000274137	30	-21.422799825668335	-8.417699801921845	0.23013331151256958	-21.422799825668335	-12.99944701205744	-12.57684658093256	-0.5112008242124144	9.635000228881836	30	11934	1802374	1814338	2	5:1802374-1802404	5:1802374-1814338
5	10618464	10618560	ENST00000296657_1	96	+	10618464	10618560	0	1	96	0	ENST00000296657	96	-26.550218525342643	-18.11600011959672	-0.877083328862985	-20.88629954755306	-16.082078728191608	-15.614549805107776	-0.6274843010754877	10.175999641418457	96	19469	10618462	10638027	1	5:10618464-10618560	5:10618462-10638027
5	65567615	65567696	ENST00000261308_1	81	+	65567615	65567696	0	1	81	0	ENST00000261308	81	-24.60733319653405	-24.60733319653405	0.7934197585822808	-13.70709993839264	-24.06531085892693	-23.541238345076717	0.4458231115795321	-1.0482222669654422	81	1935	65567615	65569631	3	5:65567615-65567696	5:65567615-65569631
5	98780088	98780142	ENST00000513185_1	54	+	98780088	98780142	0	1	54	0	ENST00000513185	54	-22.819610940085518	-22.819610940085518	0.6670925912826702	-20.466099643707274	-24.64749245582258	-24.597465354584596	0.47666744314855275	5.335000038146973	54	12942	98780088	98793084	1	5:98780088-98780142	5:98780088-98793084
5	110742089	110742131	ENST00000355943_1	42	+	110742089	110742131	0	1	42	0	ENST00000355943	42	-25.181153994340164	-16.412563849718143	1.4805476259706276	-24.87322261598375	-26.350790634646795	-25.755920257006736	0.296462742237152	-4.921499919891358	42	1598	110742089	110743729	3	5:110742089-110742131	5:110742089-110743729
5	136033861	136034053	ENST00000442011_1	192	+	136033861	136034053	0	1	192	0	ENST00000442011	192	-24.318765777163208	-24.318765777163208	0.15327604108218415	-9.963000226020814	-26.60849105623002	-26.60849105623002	-0.12788196096807142	7.4720001220703125	192	10004	136033861	136044057	2	5:136033861-136034053	5:136033861-136044057
5	181230839	181230866	ENST00000315073_1	27	+	181230839	181230866	0	1	27	0	ENST00000315073	27	-25.29599995083279	-18.355777740478516	1.6469259162743886		-24.608351204403373	-24.608351204403373	0.25967243197828793	-3.7323334415753684	27	1792	181230839	181232658	3	5:181230839-181230866	5:181230839-181232658
5	6632379	6632598	ENST00000264670_1	219	-	6632379	6632598	0	1	219	0	ENST00000264670	219	-20.83841097212001	-20.683411083401065	-0.9318264933966406	-7.916800141334534	-21.57388722616479	-21.57388722616479	-0.42218593368306756	-10.405699843168259	219	402	6631977	6632598	1	5:6632379-6632598	5:6631977-6632598
5	37364218	37364245	ENST00000231498_1	27	-	37364218	37364245	0	1	27	0	ENST00000231498	27	-21.42929656251713	-15.513518298113787	3.190222191106942		-24.337016936565966	-24.337016936565966	0.5247608640798084	-8.305832958221435	27	235	37363984	37364246	2	5:37364218-37364245	5:37363984-37364246
5	40777375	40777444	ENST00000397128_1	69	-	40777375	40777444	0	1	69	0	ENST00000397128	69	-23.08834775634434	-23.08834775634434	1.186057966634415	-17.795166349411012	-26.43927864954232	-24.63833331292175	0.5507851081851841	-0.575666626294454	69	1872	40775503	40777444	2	5:40777375-40777444	5:40775503-40777444
5	58458963	58458984	ENST00000274289_1	21	-	58458963	58458984	0	1	21	0	ENST00000274289	21	-10.709999901907784	-2.562000115712484	3.6795237998345067		-13.40613950117201	-12.68733611702919	3.3824344472005414	-0.06319988220930099	21	122	58458841	58458984	1	5:58458963-58458984	5:58458841-58458984
5	115163400	115163517	ENST00000513154_1	117	-	115163400	115163517	0	1	117	0	ENST00000513154	117	-26.564394574416312	-26.454045115290462	0.25396580717916417	-11.674333254496256	-23.716799006173762	-23.04379921397736	0.22299126342112224	13.728500187397003	117	16006	115147394	115163517	1	5:115163400-115163517	5:115147394-115163517
5	140557083	140557146	ENST00000336283_1	63	-	140557083	140557146	0	1	63	0	ENST00000336283	63	-33.86447368170086	-16.874866431951524	0.7680158683113636	-29.188500189781188	-14.2616977384819	-14.219454339243674	0.09071151862472589	3.4205000400543213	63	4899	140552184	140557146	1	5:140557083-140557146	5:140552184-140557146
5	140690836	140690854	ENST00000504156_1	18	-	140690836	140690854	0	1	18	0	ENST00000504156	18	-22.804277870390152	-22.804277870390152	2.142666667699814		-15.81960289007013	-14.994207129813171	0.12136525574709747	8.239999771118164	18	10953	140679883	140690854	2	5:140690836-140690854	5:140679883-140690854
5	141636472	141636547	ENST00000305264_1	75	-	141636472	141636547	0	1	75	0	ENST00000305264	75	-26.225720094045002	-18.79870638449987	1.3826000011339783	-20.116000032424928	-27.208820759536394	-23.90115430990332	0.36424385346359345	0.3569999933242798	75	1519	141634953	141636547	2	5:141636472-141636547	5:141634953-141636547
5	146177528	146177546	ENST00000394434_1	18	-	146177528	146177546	0	1	18	0	ENST00000394434	18	-15.73138870133294	-4.4095001220703125	2.0521666831854315		-17.295244208781998	-17.295244208781998	-0.2794403008806042	5.592000067234039	18	4754	146172774	146177546	3	5:146177528-146177546	5:146172774-146177546
5	172770100	172770160	ENST00000239223_1	60	-	172770100	172770160	0	1	60	0	ENST00000239223	60	-17.847616823514304	-17.847616823514304	0.6457833339925856	-17.791866755485536	-25.543800607518435	-22.591447796307357	0.4131601398439433	-10.698100137710572	60	306	172769794	172770160	2	5:172770100-172770160	5:172769794-172770160
5	173613079	173613130	ENST00000311086_1	51	-	173613079	173613130	0	1	51	0	ENST00000311086	51	-11.617156758027917	-11.617156758027917	0.15474509645034284	-5.208799934387207	-18.68448103256336	-17.841039803368258	-0.21559268697247672	-0.7482000052928924	51	4787	173608292	173613130	2	5:173613079-173613130	5:173608292-173613130
5	175966927	175967110	ENST00000265097_1	183	-	175966927	175967110	0	1	183	0	ENST00000265097	183	-23.165855548116895	-19.728836217169036	0.004021859822586138	-10.048777924643623	-18.69913379892473	-18.69913379892473	-0.12297165194006449	7.693999767303467	183	1772	175965155	175967110	2	5:175966927-175967110	5:175965155-175967110
5	178231335	178231404	ENST00000308158_1	69	-	178231335	178231404	0	1	69	0	ENST00000308158	69	-19.194913148880005	-19.194913148880005	0.4031883959213029	-14.340499997138977	-21.80057889792903	-20.831161749004792	-0.20604854391177235	-2.7415555318196616	69	1236	178230099	178231404	1	5:178231335-178231404	5:178230099-178231404
6	30558214	30558358	ENST00000376560_1	144	+	30558214	30558358	0	1	144	0	ENST00000376560	144	-33.00656247635683	-19.96777779608965	0.8521875036078401	-14.474000072479248	-16.284693510253963	-16.284693510253963	0.1565244567253136	13.269000029563903	144	4239	30557450	30561833	2	6:30558214-30558358	6:30557450-30561833
6	30722645	30722744	ENST00000327892_1	99	+	30722645	30722744	0	1	99	0	ENST00000327892	99	-28.03115145139622	-28.03115145139622	-0.27475758370087305	-16.41229986399412	-30.832520168985244	-28.834248667507502	-0.3388612701885962	-14.318799829483032	99	173	30722645	30722917	3	6:30722645-30722744	6:30722645-30722917
6	42880966	42881014	ENST00000493763_1	48	+	42880966	42881014	0	1	48	0	ENST00000493763	48	-37.976249516010284	-32.07960341870785	1.1407083378871903	-31.806899547576904	-20.824273284390674	-20.824273284390674	-0.43480377663143877	3.3559999465942383	48	2436	42880966	42883450	2	6:42880966-42881014	6:42880966-42883450
6	42934598	42934679	ENST00000372836_1	81	+	42934598	42934679	0	1	81	0	ENST00000372836	81	-23.472888822908754	-23.472888822908754	0.34025926011281066	-15.617800235748291	-15.34952425920508	-14.280738447835946	0.48960685476248283	1.386000007390976	81	894	42934598	42935573	3	6:42934598-42934679	6:42934598-42935573
6	44248776	44248875	ENST00000371646_1	99	+	44248776	44248875	0	1	99	0	ENST00000371646	99	-28.375424002156112	-28.375424002156112	-0.02563917420602874	-16.250600123405455	-14.985416597662828	-13.999203806462244	-0.5650263177966209	-0.03039999008178711	99	501	44248776	44249376	1	6:44248776-44248875	6:44248776-44249376
6	57182141	57182264	ENST00000370693_1	123	+	57182141	57182264	0	1	123	0	ENST00000370693	123	-24.879073089215815	-24.0929187387228	-0.2583089422101412	-18.005599880218504	-19.46221502905293	-18.90125324212383	-0.1476077302777373	1.6869999255452837	123	1513	57182141	57183777	3	6:57182141-57182264	6:57182141-57183777
6	87594407	87594476	ENST00000392844_1	69	+	87594407	87594476	0	1	69	0	ENST00000392844	69	-26.994434812794562	-24.457217292941134	0.9382463741939568	-20.00519986152649	-17.77890802594299	-17.481714147565338	0.002753412921400747	2.5920000076293945	69	7307	87594407	87601783	3	6:87594407-87594476	6:87594407-87601783
6	110887591	110887624	ENST00000368885_1	33	+	110887591	110887624	0	1	33	0	ENST00000368885	33	-20.564090782945808	-10.798060644756664	0.7955151438487299	-17.112799894809722	-14.58557096385331	-14.58557096385331	-0.3718577236538124	3.4609999656677246	33	1232	110887591	110888856	2	6:110887591-110887624	6:110887591-110888856
6	158413193	158413370	ENST00000367097_1	177	+	158413193	158413370	0	1	177	0	ENST00000367097	177	-19.124237344931746	-18.22550851443393	-0.506165682987073	-4.70740005671978	-18.922979105931095	-18.20319813790389	-0.07360692314936278	5.994499921798706	177	16365	158413193	158429735	3	6:158413193-158413370	6:158413193-158429735
6	10409783	10409900	ENST00000379613_1	117	-	10409783	10409900	0	1	117	0	ENST00000379613	117	-23.794564130978706	-23.794564130978706	0.09792307241318318	-6.295700168609619	-16.0851080797638	-15.977119317252228	3.6489186941710368	2.7461998581886293	117	2939	10406844	10409900	3	6:10409783-10409900	6:10406844-10409900
6	30555351	30555552	ENST00000376621_1	201	-	30555351	30555552	0	1	201	0	ENST00000376621	201	-26.125243756160213	-23.755328509641522	-0.2757929317656707	-14.701000022888184	-26.846802525314285	-25.90727177437073	0.1866790170689332	-13.96669994990031	201	162	30555191	30555554	1	6:30555351-30555552	6:30555191-30555554
6	31356516	31356687	ENST00000412585_1	171	-	31356516	31356687	0	1	171	0	ENST00000412585	171	-17.108654947700906	-14.413428565753359	-4.43443871611549	-10.428899863362313	-11.19552693656973	-11.19552693656973	-3.6574729868538074	-8.202000010013581	171	74	31356442	31356687	1	6:31356516-31356687	6:31356442-31356687
6	32664708	32664795	ENST00000434651_1	87	-	32664708	32664795	0	1	87	0	ENST00000434651	87	-19.369604895144334	-17.17069144822933	-3.0468735652815164	-13.372699964046479	-22.552736355458595	-21.863356730728295	-3.0209999986193017	-5.009111139509413	87	2462	32662248	32664797	1	6:32664708-32664795	6:32662248-32664797
6	33313681	33313693	ENST00000434618_1	12	-	33313681	33313693	0	1	12	0	ENST00000434618	12	-23.203333020210266	-7.0662500858306885	3.5669167299444475		-22.895527371126622	-19.665666653445705	0.20361764957516582	-7.842400026321411	12	204	33313477	33313693	2	6:33313681-33313693	6:33313477-33313693
6	42214249	42214279	ENST00000053468_1	30	-	42214249	42214279	0	1	30	0	ENST00000053468	30	-49.26990013122558	-26.626499819755555	1.12546664463977	-49.26990013122558	-30.746719241142273	-27.150052560526028	0.203315794484265	-23.24950006008148	30	57	42214192	42214279	2	6:42214249-42214279	6:42214192-42214279
6	43226246	43226324	ENST00000230431_1	78	-	43226246	43226324	0	1	78	0	ENST00000230431	78	-21.434759979248046	-21.434759979248046	0.1463718019091548	-9.91622225443522	-24.25556201707749	-21.147923654601687	0.41448571455354494	-14.933000373840333	78	105	43226143	43226326	3	6:43226246-43226324	6:43226143-43226326
6	73445500	73445527	ENST00000370315_1	27	-	73445500	73445527	0	1	27	0	ENST00000370315	27	-19.535222124170375	-19.535222124170375	2.3544074154191614		-9.726433513054898	-9.726433513054898	-0.22493535278928373	4.334000110626221	27	5055	73440445	73445527	2	6:73445500-73445527	6:73440445-73445527
6	143438550	143438589	ENST00000237283_1	39	-	143438550	143438589	0	1	39	0	ENST00000237283	39	-27.693307998852852	-21.73107705360804	0.05125641975647364	-27.66320037841797	-24.309387584498484	-23.618474047374246	0.13717418962594846	3.5980000495910645	39	4569	143433981	143438589	1	6:143438550-143438589	6:143433981-143438589
6	159788043	159788055	ENST00000321394_1	12	-	159788043	159788055	0	1	12	0	ENST00000321394	12	-21.632165948549908	-21.37749946117401	1.8386667044833302		-25.31918398333692	-25.31918398333692	-0.2952528726938448	-17.147000157833098	12	174	159787871	159788057	1	6:159788043-159788055	6:159787871-159788057
7	23301017	23301104	ENST00000466681_1	87	+	23301017	23301104	0	1	87	0	ENST00000466681	87	-29.66720678682985	-26.820976884885766	0.650988503220095	-22.84819973707199	-15.764798645740886	-14.00829212638894	-0.27365193864901566	5.473999977111816	87	6763	23301017	23307867	3	7:23301017-23301104	7:23301017-23307867
7	44799277	44799376	ENST00000468812_1	99	+	44799277	44799376	0	1	99	0	ENST00000468812	99	-24.107454773151513	-24.107454773151513	-0.03898876291186957	-15.298900163173675	-42.700200748443606	-32.16693318684896	1.7411999731014172		99	15	44799277	44799391	2	7:44799277-44799376	7:44799277-44799391
7	75882238	75882262	ENST00000006777_1	24	+	75882238	75882262	0	1	24	0	ENST00000006777	24	-17.231625080108643	-11.749166612823805	1.7965416444155078		-13.238619338036656	-12.692805722703676	-0.35334038133055323	10.855999946594238	24	1437	75882236	75883697	2	7:75882238-75882262	7:75882236-75883697
7	76055000	76055063	ENST00000315758_1	63	+	76055000	76055063	0	1	63	0	ENST00000315758	63	-30.459333175704593	-30.459333175704593	-0.8157777817594627	-24.609499859809876	-18.46584883823334	-17.872326854427868	-0.33035164244022225	4.35099983215332	63	2348	76054998	76057409	3	7:76055000-76055063	7:76054998-76057409
7	98619861	98619987	ENST00000265634_1	126	+	98619861	98619987	0	1	126	0	ENST00000265634	126	-27.95347614834706	-25.29330158399211	-0.1377222259928073	-15.990099777281284	-23.455414225232577	-22.16193345432689	-0.20078877601877082	0.05857142011102821	126	4936	98619859	98624921	1	7:98619861-98619987	7:98619859-98624921
7	107749047	107749116	ENST00000440859_1	69	+	107749047	107749116	0	1	69	0	ENST00000440859	69	-23.70091307900198	-23.70091307900198	1.0005507265770996	-18.335399866104126	-19.093973638880946	-19.093973638880946	0.1260210787155578	2.869999885559082	69	4297	107749047	107753413	1	7:107749047-107749116	7:107749047-107753413
7	138504408	138504627	ENST00000343526_1	219	+	138504408	138504627	0	1	219	0	ENST00000343526	219	-10.988681771538474	-9.640200166191374	-0.2511875023304198	-4.932999928792317	-15.280441586500674	-15.280441586500674	0.027329069223201573	NaN	219	10584	138504408	138515211	1	7:138504408-138504627	7:138504408-138515211
7	73574283	73574382	ENST00000305632_1	99	-	73574283	73574382	0	1	99	0	ENST00000305632	99	-29.358555585446982	-29.358555585446982	0.04479798156006092	-18.832600104808808	-28.08816787100727	-27.125465952831767	0.45451552970971193	-12.327700197696686	99	161	73574122	73574382	1	7:73574283-73574382	7:73574122-73574382
7	99404795	99404861	ENST00000350498_1	66	-	99404795	99404861	0	1	66	0	ENST00000350498	66	-18.302454596216027	-18.302454596216027	0.9878939284932461	-11.013700270652771	-28.282134949849095	-26.750634090628388	0.1087798448182036	-11.181400156021118	66	1290	99403505	99404861	3	7:99404795-99404861	7:99403505-99404861
7	99498644	99498713	ENST00000337673_1	69	-	99498644	99498713	0	1	69	0	ENST00000337673	69	-26.123391185117804	-21.137478178394012	0.1546086897175975	-18.433900022506712	-17.156292861507787	-15.560178033320174	-0.5423319031825737	2.8289999961853027	69	4015	99494631	99498715	3	7:99498644-99498713	7:99494631-99498715
7	102541440	102541500	ENST00000644544_1	60	-	102541440	102541500	0	1	60	0	ENST00000644544	60	-26.52758309443792	-20.36439989209175	-0.30761666257555287	-15.460332981745402	-28.926795533103665	-28.06663524190875	-0.6310948852626402	-18.590500020980834	60	137	102541303	102541500	1	7:102541440-102541500	7:102541303-102541500
7	130048921	130049032	ENST00000358303_1	111	-	130048921	130049032	0	1	111	0	ENST00000358303	111	-23.48323432416529	-23.48323432416529	1.1793873847906922	-15.041600227355957	-11.526643623893593	-11.526643623893593	-0.24502406184659226	7.508999824523926	111	7820	130041101	130049032	2	7:130048921-130049032	7:130041101-130049032
8	22094518	22094713	ENST00000289921_1	195	+	22094518	22094713	0	1	195	0	ENST00000289921	195	-26.297307707713202	-24.33247193709398	-0.019599997877883607	-17.77710015773773	-24.874468313377182	-24.874468313377182	-0.1268243993812821	-8.11890013217926	195	1623	22094518	22096336	2	8:22094518-22094713	8:22094518-22096336
8	63169411	63169456	ENST00000539294_1	45	+	63169411	63169456	0	1	45	0	ENST00000539294	45	-36.14493311246236	-19.958689058654837	1.2037555230160555	-31.682199597358704	-26.271788112782616	-25.83952893717301	1.1113632324757325	3.395199918746948	45	5874	63169411	63175330	2	8:63169411-63169456	8:63169411-63175330
8	81283538	81283559	ENST00000297258_1	21	+	81283538	81283559	0	1	21	0	ENST00000297258	21	-8.957571029663086	-8.957571029663086	0.9271428778301924		-23.962811403666823	-23.962811403666823	0.4958447672608258	-12.252300149202346	21	313	81283538	81283872	3	8:81283538-81283559	8:81283538-81283872
8	715615	715858	ENST00000262109_1	243	-	715615	715858	0	1	243	0	ENST00000262109	243	-20.21585595301149	-20.094024720751207	-0.6248230462493337	-8.095500159263612	-11.583566610434245	-11.583566610434245	-0.4959008301713603	4.624000072479248	243	23005	692612	715860	2	8:715615-715858	8:692612-715860
8	12191715	12191778	ENST00000448228_1	63	-	12191715	12191778	0	1	63	0	ENST00000448228	63	-18.66333320027306	-12.755237956841787	0.4226031831155221	-14.166933099428812	-15.350782789804828	-14.72942160901102	-0.5009425298883526	0.26124998833984137	63	1827	12189888	12191778	1	8:12191715-12191778	8:12189888-12191778
8	12433988	12434051	ENST00000262365_1	63	-	12433988	12434051	0	1	63	0	ENST00000262365	63	-12.005952449071975	-12.005952449071975	0.4558888938396223	-9.043100261688233	-14.303079768419005	-13.089485419252627	-0.5238460268825292	6.064000129699707	63	1826	12432162	12434051	3	8:12433988-12434051	8:12432162-12434051
8	33558461	33558614	ENST00000256257_1	153	-	33558461	33558614	0	1	153	0	ENST00000256257	153	-26.95631366150052	-26.64045759743335	-0.26409804256133784	-12.566299891471862	-19.383064292883425	-18.9488356210816	-0.0404526561039424	3.3350000381469727	153	7072	33551389	33558614	3	8:33558461-33558614	8:33551389-33558614
8	38268743	38268881	ENST00000424479_1	138	-	38268743	38268881	0	1	138	0	ENST00000424479	138	-14.724464986213418	-13.332106031703226	-0.7705289817607516	-1.4059000551700591	-20.813155634535683	-19.793586860937268	-0.8441950360557448	-3.2348002672195433	138	282	38268461	38268881	3	8:38268743-38268881	8:38268461-38268881
8	56073993	56074059	ENST00000009589_1	66	-	56073993	56074059	0	1	66	0	ENST00000009589	66	-28.687034912276687	-17.582736918800755	-0.7886818200208698	-19.87685670171465	-24.923590916527644	-20.946533256636727	0.13263111214877832	-6.752599835395813	66	225	56073768	56074059	1	8:56073993-56074059	8:56073768-56074059
8	73292634	73292688	ENST00000352983_1	54	-	73292634	73292688	0	1	54	0	ENST00000352983	54	-22.33753690233937	-17.86166674497158	-0.15681480650824528	-20.473500108718873	-24.125552873011284	-24.125552873011284	-0.5347336191225464	-7.7848333070675535	54	229	73292405	73292688	1	8:73292634-73292688	8:73292405-73292688
8	144102910	144103048	ENST00000398712_1	138	-	144102910	144103048	0	1	138	0	ENST00000398712	138	-23.62685929051152	-21.342466847101846	0.16116666683144326	-15.594999878494828	-15.955616403748284	-15.955616403748284	-0.4606304186619782	5.427500009536743	138	2843	144100069	144103050	2	8:144102910-144103048	8:144100069-144103050
8	144444024	144444177	ENST00000409379_1	153	-	144444024	144444177	0	1	153	0	ENST00000409379	153	-23.189814619664794	-16.22308887441953	-0.29626797796896615	-11.179285526275635	-8.536499977111816	5.327000141143799	8.862499952316284		153	2	144444024	144444179	1	8:144444024-144444177	8:144444024-144444179
8	144791706	144791772	ENST00000528957_1	66	-	144791706	144791772	0	1	66	0	ENST00000528957	66	-24.421818269473135	-13.527545609257437	-0.6483787929526332	-14.624700018763543	-19.623788422546706	-19.623788422546706	-0.9588720396396117	-11.41129994392395	66	211	144791495	144791772	1	8:144791706-144791772	8:144791495-144791772
9	89315297	89315318	ENST00000314355_1	21	+	89315297	89315318	0	1	21	0	ENST00000314355	21	-8.119571506977081	-8.119571506977081	1.3687619008123875		-23.081552695306893	-22.88098564259173	-0.28618356733087974	-8.065899920463561	21	1054	89315297	89316372	3	9:89315297-89315318	9:89315297-89316372
9	89319797	89319857	ENST00000375807_1	60	+	89319797	89319857	0	1	60	0	ENST00000375807	60	-32.62044978141785	-32.62044978141785	0.8651166546546544	-26.776199913024904	-19.862731109675817	-19.28616960968956	-0.06499014005289364	4.165999889373779	60	5690	89319797	89325547	3	9:89319797-89319857	9:89319797-89325547
9	94415253	94415424	ENST00000375344_1	171	+	94415253	94415424	0	1	171	0	ENST00000375344	171	-20.624421113938617	-15.736070136054915	0.4677719384709602	-12.790000098943711	-11.750675427918091	-11.449697093061918	-0.06311494611972292	7.3480000495910645	171	13764	94415253	94429188	1	9:94415253-94415424	9:94415253-94429188
9	128378106	128378376	ENST00000372853_1	270	+	128378106	128378376	0	1	270	0	ENST00000372853	270	-12.445544377548828	-12.445544377548828	-0.4031296301055355	-5.080400002002716	-18.81724267121268	-18.81724267121268	0.22387968796341778	7.682000160217285	270	9439	128378106	128387815	1	9:128378106-128378376	9:128378106-128387815
9	136412201	136412261	ENST00000371717_1	60	+	136412201	136412261	0	1	60	0	ENST00000371717	60	-27.117350149154664	-20.16536672115326	-2.0125660146323017	-17.642300271987914	-28.663752254714137	-23.721704322358836	-1.1024419643009813	-19.104233582814533	60	230	136412199	136412489	3	9:136412201-136412261	9:136412199-136412489
9	137241831	137241891	ENST00000340384_1	60	+	137241831	137241891	0	1	60	0	ENST00000340384	60	-22.533000022172928	-14.900249916066725	-1.8412666843583188	-13.115399742126465	-14.738714104606991	-14.738714104606991	-0.46152383514813017		60	21	137241829	137241910	1	9:137241831-137241891	9:137241829-137241910
9	37783835	37783913	ENST00000327304_1	78	-	37783835	37783913	0	1	78	0	ENST00000327304	78	-26.76484612776683	-26.76484612776683	0.6824743576968709	-21.803299951553345	-27.240221453843905	-25.953095967724217	0.32574970405654396	-10.948999881744385	78	1698	37782137	37783913	3	9:37783835-37783913	9:37782137-37783913
9	98789957	98790101	ENST00000353234_1	144	-	98789957	98790101	0	1	144	0	ENST00000353234	144	-26.325166689852875	-18.983243088755344	-0.23669444849818116	-20.74850015640259	-17.600572160434094	-17.31918043958256	-0.3179136487157855	1.8756666978200276	144	5083	98784876	98790103	3	9:98789957-98790101	9:98784876-98790103
9	127450588	127450729	ENST00000361436_1	141	-	127450588	127450729	0	1	141	0	ENST00000361436	141	-21.573807522764913	-18.45491116841634	-0.5287588607612337	-11.1782997995615	-21.546933755942753	-21.546933755942753	-0.7042542580027814	-3.153099953383207	141	881	127449708	127450730	2	9:127450588-127450729	9:127449708-127450730
9	127937319	127937433	ENST00000314392_1	114	-	127937319	127937433	0	1	114	0	ENST00000314392	114	-26.48114920178788	-18.777543872071984	0.002140346841004334	-17.157399666309356	-23.563037596224998	-23.563037596224998	-0.08393071923988411	-4.411500197649002	114	664	127936655	127937433	1	9:127937319-127937433	9:127936655-127937433
X	55719347	55719398	ENST00000374941_1	51	+	55719347	55719398	0	1	51	0	ENST00000374941	51	-21.966587767881506	-20.770980234239616	3.1162352595916567	-16.144999551773072	-25.247113825162938	-23.148477444926787	0.4521637845441307	-0.6705000102519989	51	2787	55719347	55722185	3	X:55719347-55719398	X:55719347-55722185
X	104175842	104175887	ENST00000493442_1	45	+	104175842	104175887	0	1	45	0	ENST00000493442	45	-31.838866392771404	-30.44433307647705	1.0310222285903163	-30.569699716567992	-20.919671283926856	-20.35088441032512	0.2839428894361109	12.16100025177002	45	10178	104175842	104186065	3	X:104175842-104175887	X:104175842-104186065
X	119470147	119470183	ENST00000317881_1	36	+	119470147	119470183	0	1	36	0	ENST00000317881	36	-34.5585832297802	-24.87366670370102	1.285972238621778	-26.151599848270415	-25.809539567620035	-25.809539567620035	0.03510582037504131	-11.037500476837158	36	189	119470147	119470372	2	X:119470147-119470183	X:119470147-119470372
X	119574981	119575275	ENST00000371558_1	294	+	119574981	119575275	0	1	294	0	ENST00000371558	294	-18.25316330410388	-15.78603404451187	1.5044659852401867	-0.8839000403881073	-32.46424256671559	-22.944818037928957	0.7737070741884485	-20.480399715900422	294	99	119574981	119575374	1	X:119574981-119575275	X:119574981-119575374
X	119873393	119873483	ENST00000371437_1	90	+	119873393	119873483	0	1	90	0	ENST00000371437	90	-24.27080023487409	-22.66466683132781	0.7897111174870386	-13.051300096511842	-14.99064412279855	-14.193992757623048	-0.1223516670871421	0.7058571321623666	90	3030	119873393	119876513	3	X:119873393-119873483	X:119873393-119876513
X	151403740	151403941	ENST00000330374_1	201	+	151403740	151403941	0	1	201	0	ENST00000330374	201	-27.31373122201037	-26.37620897791279	0.5959552184294038	-19.352099657058716	-16.627224424369032	-14.861030698555526	0.1238165414763253	4.374333381652832	201	974	151403740	151404915	2	X:151403740-151403941	X:151403740-151404915
X	16869042	16869075	ENST00000380087_1	33	-	16869042	16869075	0	1	33	0	ENST00000380087	33	-26.508575786243785	-16.55145484750921	3.3557272630207464	-23.863833236694337	-20.278937871405386	-19.73084986352989	0.1681348117890939	4.196249902248383	33	5942	16863100	16869075	1	X:16869042-16869075	X:16863100-16869075
1	10400572	10400635	ENST00000270776_1	63	+	10400572	10400635	0	1	63	0	ENST00000270776	63	-11.999761853899274	-11.999761853899274	0.17823808972856828	2.44210000038147	-13.486963727586481	-12.58246439332328	-0.41753127620293884	1.1907999515533447	63	2435	10400572	10403070	2	1:10400572-10400635	1:10400572-10403070
1	19623583	19623637	ENST00000322753_1	54	+	19623583	19623637	0	1	54	0	ENST00000322753	54	-21.94988911681705	-21.94988911681705	1.1099629695009854	-16.438400411605834	-22.035129427502586	-21.283487397995373	-0.08776172375395956	4.953000068664551	54	2749	19623583	19626386	2	1:19623583-19623637	1:19623583-19626386
1	27880056	27880215	ENST00000373921_1	159	+	27880056	27880215	0	1	159	0	ENST00000373921	159	-20.96083026927597	-20.96083026927597	0.1006540834856858	-9.38590012192726	-7.614614342549452	-7.614614342549452	-0.789981534286062	4.0853333075841265	159	1757	27880054	27881970	1	1:27880056-27880215	1:27880054-27881970
1	32224121	32224142	ENST00000677711_1	21	+	32224121	32224142	0	1	21	0	ENST00000677711	21	-23.126285663672856	-19.86990417752947	3.2326189946560633		-28.55321342154835	-25.1240636518832	0.6975533620145157	-16.36719994544983	21	267	32224121	32224409	3	1:32224121-32224142	1:32224121-32224409
1	111454356	111454374	ENST00000369722_1	18	+	111454356	111454374	0	1	18	0	ENST00000369722	18	-14.489667356014252	-14.489667356014252	2.402666707833608		-24.031319082911583	-23.75678605283895	-0.12293984406772489	-0.28066663940747577	18	1711	111454356	111456085	1	1:111454356-111454374	1:111454356-111456085
1	112649469	112649508	ENST00000263168_1	39	+	112649469	112649508	0	1	39	0	ENST00000263168	39	-28.11053816171793	-18.262307619437195	1.5748974448786333	-28.01629958152771	-20.33943333224209	-19.513071810220584	0.2688773960025846	0.4351999759674072	39	4089	112649469	112653597	1	1:112649469-112649508	1:112649469-112653597
1	116384842	116384977	ENST00000295598_1	135	+	116384842	116384977	0	1	135	0	ENST00000295598	135	-33.05975563890404	-20.732066649115747	-0.5023629655949426	-19.651899914443494	-23.994084251519197	-23.994084251519197	-0.33035658510393573	-3.1131999790668488	135	2310	116384842	116387287	2	1:116384842-116384977	1:116384842-116387287
1	145618423	145618453	ENST00000313835_1	30	+	145618423	145618453	0	1	30	0	ENST00000313835	30	-11.39679970741272	-11.39679970741272	1.2896333306096495	-11.39679970741272	-14.516497906233113	-14.516497906233113	0.1497485821310346	3.4901999950408937	30	4600	145618423	145623053	2	1:145618423-145618453	1:145618423-145623053
1	147938817	147938847	ENST00000314163_1	30	+	147938817	147938847	0	1	30	0	ENST00000314163	30	-12.677200031280517	-12.677200031280517	1.2869333304154376	-12.677200031280517	-15.545237149280746	-15.545237149280746	0.10966601027602209	2.1410000324249268	30	4590	147938817	147943437	1	1:147938817-147938847	1:147938817-147943437
1	156787175	156787244	ENST00000271526_1	69	+	156787175	156787244	0	1	69	0	ENST00000271526	69	-27.67043487403704	-23.307855120603588	0.14399998809170464	-19.80610022544861	-19.230901019589	-19.230901019589	-0.34346349822819966	3.2639999389648438	69	4453	156787174	156791696	3	1:156787175-156787244	1:156787174-156791696
1	179085893	179086142	ENST00000367627_1	249	+	179085893	179086142	0	1	249	0	ENST00000367627	249	-26.62663840242179	-23.51334523005658	-0.8018232932188978	-9.302200269699096	-19.010217487042866	-19.010217487042866	-0.4958624564513395	4.7779998779296875	249	1768	179085893	179087910	3	1:179085893-179086142	1:179085893-179087910
1	183515991	183516096	ENST00000688051_1	105	+	183515991	183516096	0	1	105	0	ENST00000688051	105	-23.99665722846985	-21.010833168146657	1.6023333400310504	-13.020099759101868	-24.24538424758693	-23.268067543769156	1.214720548414982	-1.9914000272750854	105	1591	183515991	183517687	1	1:183515991-183516096	1:183515991-183517687
1	212044758	212044788	ENST00000366991_1	30	+	212044758	212044788	0	1	30	0	ENST00000366991	30	-16.70799962878227	-16.70799962878227	1.70819998368	-16.70799962878227	-18.08619873271193	-16.973972614900386	0.20125141667703283	2.812000036239624	30	2362	212044758	212047150	1	1:212044758-212044788	1:212044758-212047150
1	1263213	1263345	ENST00000349431_1	132	-	1263213	1263345	0	1	132	0	ENST00000349431	132	-24.246159129522063	-23.60756059524349	-0.3641515163789419	-6.327300179004669	-14.089600900673284	-13.855706969474355	-0.780152136484563	3.7730000019073486	132	5903	1257310	1263345	1	1:1263213-1263345	1:1257310-1263345
1	6549507	6549570	ENST00000377705_1	63	-	6549507	6549570	0	1	63	0	ENST00000377705	63	-22.743571281433105	-22.743571281433105	0.1934285839531748	-19.090400314331056	-13.85661245068222	-13.186575585728647	-0.4724291491560973	3.0759999752044678	63	4327	6545180	6549570	1	1:6549507-6549570	1:6545180-6549570
1	31291810	31291912	ENST00000263694_1	102	-	31291810	31291912	0	1	102	0	ENST00000263694	102	-27.031784116929654	-22.436725389139326	0.3797254910254303	-16.814699724316597	-14.346906242257191	-14.346906242257191	-0.6078940975219955	3.88700008392334	102	2391	31289419	31291912	2	1:31291810-31291912	1:31289419-31291912
1	61709232	61709328	ENST00000606498_1	96	-	61709232	61709328	0	1	96	0	ENST00000606498	96	-39.83431225642562	-28.00410434106986	1.084187494503567	-15.472499835491181	-17.126763223273276	-16.971611634123107	-0.014938397479535011	3.7179999351501465	96	8207	61701025	61709328	1	1:61709232-61709328	1:61701025-61709328
1	110403831	110403918	ENST00000602318_1	87	-	110403831	110403918	0	1	87	0	ENST00000602318	87	-32.639931226598804	-26.702873618438325	0.7486206882542278	-23.15040018558502	-18.1795801614178	-17.281879099300514	0.09341014254322645	10.753666480382284	87	2248	110401583	110403918	1	1:110403831-110403918	1:110401583-110403918
1	148615633	148615690	ENST00000593495_1	57	-	148615633	148615690	0	1	57	0	ENST00000593495	57	-30.31854407829151	-29.088158080452367	0.09094738143316486	-23.39269995689392	-19.91033273589824	-19.879237652774666	0.04640174601998492	6.129000186920166	57	7888	148607745	148615690	2	1:148615633-148615690	1:148607745-148615690
1	155172534	155172564	ENST00000295682_1	30	-	155172534	155172564	0	1	30	0	ENST00000295682	30	-24.49860010147095	-23.435466639200847	1.4684000285342336	-24.49860010147095	-17.939570776993122	-16.94044016442218	-0.1520635990974727	5.067999839782715	30	2677	155169857	155172564	1	1:155172534-155172564	1:155169857-155172564
1	167546073	167546100	ENST00000370509_1	27	-	167546073	167546100	0	1	27	0	ENST00000370509	27	-15.816889100604588	-13.036111067842555	0.21940741218902446		-20.014635441857983	-20.014635441857983	-0.5381462310486935	-0.16140016317367553	27	3772	167542301	167546100	1	1:167546073-167546100	1:167542301-167546100
1	235119589	235119817	ENST00000366607_1	228	-	235119589	235119817	0	1	228	0	ENST00000366607	228	-28.273368535939145	-28.273368535939145	0.024315787994980877	-15.72799997329712	-16.969362419086906	-16.473156260575394	-0.3698140856748702	8.29699993133545	228	5679	235113910	235119817	2	1:235119589-235119817	1:235113910-235119817
1	235160320	235160509	ENST00000408888_1	189	-	235160320	235160509	0	1	189	0	ENST00000408888	189	-24.535179784689	-23.554523900269515	-0.013370367075641832	-10.09006675084432	-18.35223148903	-18.35223148903	-0.18280520178433704	1.8420000672340393	189	5209	235155112	235160510	2	1:235160320-235160509	1:235155112-235160510
10	52316435	52316492	ENST00000373970_1	57	+	52316435	52316492	0	1	57	0	ENST00000373970	57	-39.52957887398569	-38.68199997617487	-0.15364912273403125	-38.17259979248047	-19.301819601997	-19.301819601997	0.16132787036419402	-14.112399744987489	57	61	52316435	52316553	3	10:52316435-52316492	10:52316435-52316553
10	58361526	58361595	ENST00000373910_1	69	+	58361526	58361595	0	1	69	0	ENST00000373910	69	-17.563826006391775	-17.563826006391775	2.138884051122527	-12.915400010347366	-24.959396127917664	-24.959396127917664	0.5051112754101681	-5.05980007648468	69	2013	58361526	58363608	1	10:58361526-58361595	10:58361526-58363608
10	97431137	97431239	ENST00000334828_1	102	+	97431137	97431239	0	1	102	0	ENST00000334828	102	-27.339588130221646	-20.71467652858472	0.3622058764072683	-14.761799812316895	-19.0900567852641	-17.543201529909524	-0.08774018152860769	3.4630000591278076	102	1117	97431135	97432354	3	10:97431137-97431239	10:97431135-97432354
10	104124124	104124217	ENST00000369727_1	93	+	104124124	104124217	0	1	93	0	ENST00000369727	93	-29.85100023088784	-22.61300017915923	1.432408601426149	-24.681400108337403	-20.014674214734164	-20.014674214734164	0.24599765240390026	-2.788799834251404	93	1295	104124124	104125512	2	10:104124124-104124217	10:104124124-104125512
10	3780052	3780103	ENST00000497571_1	51	-	3780052	3780103	0	1	51	0	ENST00000497571	51	-28.178940941305722	-24.83037247494155	-0.5960000040872461	-24.32119960784912	-30.930650857212985	-29.210457718997805	-0.6808857764405949	-15.112500143051147	51	464	3779590	3780105	2	10:3780052-3780103	10:3779590-3780105
10	17603689	17603725	ENST00000361271_1	36	-	17603689	17603725	0	1	36	0	ENST00000361271	36	-17.31575032075246	-17.31575032075246	2.157694436247564	-14.465000200271607	-21.759780543606457	-19.14087803480102	2.30119509592641	-17.719800102710725	36	41	17603648	17603725	2	10:17603689-17603725	10:17603648-17603725
10	73478462	73478498	ENST00000360663_1	36	-	73478462	73478498	0	1	36	0	ENST00000360663	36	-9.102611117892796	-9.102611117892796	4.331444425301419	-7.9644999504089355	-22.22074107645624	-22.22074107645624	0.730107229686088	3.9649999141693115	36	3432	73475030	73478498	3	10:73478462-73478498	10:73475030-73478498
11	62789426	62789462	ENST00000333449_1	36	+	62789426	62789462	0	1	36	0	ENST00000333449	36	-26.594166547060013	-20.94791633552975	1.5698888804763556	-29.12669986486435	-28.601326154625934	-27.91516682052094	-0.03799275522528594	-19.406000113487245	36	138	62789426	62789600	3	11:62789426-62789462	11:62789426-62789600
11	65617349	65617421	ENST00000355703_1	72	+	65617349	65617421	0	1	72	0	ENST00000355703	72	-28.850250488768022	-25.455111255248386	-0.12151389946747157	-25.022400295734407	-33.446812672540545	-33.35175044337908	-0.2943958369966519	-29.21800009906292	72	48	65617349	65617469	3	11:65617349-65617421	11:65617349-65617469
11	86337530	86337581	ENST00000278483_1	51	+	86337530	86337581	0	1	51	0	ENST00000278483	51	-26.90835314287859	-21.170588147406484	0.05323529628781127	-23.137500274181367	-11.876806420095095	-11.876806420095095	-0.08193758217992549	6.598999738693237	51	7021	86337530	86344602	3	11:86337530-86337581	11:86337530-86344602
11	118999109	118999133	ENST00000334418_1	24	+	118999109	118999133	0	1	24	0	ENST00000334418	24	-25.256375432014465	-25.256375432014465	1.355208307504654		-11.97935472644303	-11.97935472644303	-0.3248321936506301	7.136000156402588	24	11630	118999109	119010763	3	11:118999109-118999133	11:118999109-119010763
11	119020253	119020286	ENST00000533632_1	33	+	119020253	119020286	0	1	33	0	ENST00000533632	33	-17.993599939346314	-17.993599939346314	0.9748181815851819	-17.993599939346314	-19.30546727724594	-17.417278788819814	0.6637611872259535	2.364000082015991	33	1587	119020253	119021873	3	11:119020253-119020286	11:119020253-119021873
11	17077149	17077167	ENST00000525634_1	18	-	17077149	17077167	0	1	18	0	ENST00000525634	18	-17.737833897272747	-16.913055578867596	1.5070555326011446		-22.941483109582602	-20.854883483699545	-0.22797182033564958	1.1009998321533203	18	1526	17075623	17077167	1	11:17077149-17077167	11:17075623-17077167
11	61964914	61964986	ENST00000273550_1	72	-	61964914	61964986	0	1	72	0	ENST00000273550	72	-27.572194448775715	-16.963916555874878	-0.7349583218391571	-20.073599716027577	-31.820043926653653	-19.940434766852338	-0.3336521532872449		72	23	61964891	61964986	2	11:61964914-61964986	11:61964891-61964986
11	65887515	65887599	ENST00000357519_1	84	-	65887515	65887599	0	1	84	0	ENST00000357519	84	-25.90639287765537	-21.010940514859698	-0.12146429447013707	-17.97250021994114	-18.85739714003137	-17.366699565623865	-0.09596977984078993	-0.31114281926836285	84	1093	65886422	65887599	1	11:65887515-65887599	11:65886422-65887599
11	66369317	66369368	ENST00000357440_1	51	-	66369317	66369368	0	1	51	0	ENST00000357440	51	-21.896744882359226	-17.956568834828396	-0.10880392556096993	-22.344999861717223	-20.16365251273422	-17.393737390132273	-0.07665253398245421	-9.185600128769874	51	118	66369199	66369368	3	11:66369317-66369368	11:66369199-66369368
11	67352524	67352689	ENST00000543494_1	165	-	67352524	67352689	0	1	165	0	ENST00000543494	165	-20.512806116270298	-20.512806116270298	0.423975759362943	-6.531700053811074	-13.805899374671942	-12.555731899565064	-0.03405966921953806	4.177999973297119	165	506	67352019	67352690	2	11:67352524-67352689	11:67352019-67352690
11	76360814	76360955	ENST00000260045_1	141	-	76360814	76360955	0	1	141	0	ENST00000260045	141	-28.381347512945215	-26.78302835319059	1.0755602849551629	-16.770900011062622	-18.11725483976849	-18.11725483976849	0.25987692706601334	3.1740000247955322	141	5160	76355654	76360955	3	11:76360814-76360955	11:76355654-76360955
12	6869183	6869207	ENST00000396705_1	24	+	6869183	6869207	0	1	24	0	ENST00000396705	24	-15.269875040277839	-15.269875040277839	1.5045000271250804		-34.22325958549976	-25.009700293540956	1.2112600042670965	-25.744732988874116	24	50	6869183	6869257	3	12:6869183-6869207	12:6869183-6869257
12	53303193	53303205	ENST00000267103_1	12	+	53303193	53303205	0	1	12	0	ENST00000267103	12	-14.50674957036972	-14.50674957036972	3.235083398719629		-20.447741184541407	-19.88523648447412	-0.37896891222517215	10.21233328183492	12	2702	53303193	53305907	1	12:53303193-53303205	12:53303193-53305907
12	54342287	54342419	ENST00000262061_1	132	+	54342287	54342419	0	1	132	0	ENST00000262061	132	-18.90111357854171	-15.711507519537752	1.9395303082454838	-9.404300156235696	-12.341203009723312	-11.407155058716302	2.3389104549514617	2.4119999408721924	132	805	54342287	54343224	3	12:54342287-54342419	12:54342287-54343224
12	67292778	67292964	ENST00000545606_1	186	+	67292778	67292964	0	1	186	0	ENST00000545606	186	-29.388951657279843	-24.408010811574997	0.20134946085595257	-20.347899746894836	-24.16488768021329	-21.706933598832155	0.13945525259218688	3.680749957449734	186	2070	67292776	67295032	1	12:67292778-67292964	12:67292776-67295032
12	69365699	69365738	ENST00000247843_1	39	+	69365699	69365738	0	1	39	0	ENST00000247843	39	-39.29830701534565	-32.99935878240145	1.0436666588752697	-32.84569973945618	-34.70164707127739	-29.49217664494234	0.8009607815275005	-30.141899633407593	39	51	69365699	69365789	3	12:69365699-69365738	12:69365699-69365789
12	71770699	71770738	ENST00000261263_1	39	+	71770699	71770738	0	1	39	0	ENST00000261263	39	-43.44830755087045	-19.292102300203762	1.4438718014802687	-41.17009925842285	-24.489398822223947	-24.214807400054518	0.33168124653415987	2.877000093460083	39	3220	71770699	71773958	2	12:71770699-71770738	12:71770699-71773958
12	122035429	122035636	ENST00000261822_1	207	+	122035429	122035636	0	1	207	0	ENST00000261822	207	-17.383217363469843	-17.383217363469843	0.4501878185018065	5.6922997161746025	-12.969503117532428	-12.967513635997438	-0.46219881883914204	7.452000141143799	207	8251	122035427	122043885	2	12:122035429-122035636	12:122035427-122043885
12	123606159	123606219	ENST00000238146_1	60	+	123606159	123606219	0	1	60	0	ENST00000238146	60	-27.17625012397766	-19.09440021912257	0.011216671660076828	-24.813500118255615	-16.18938267552674	-14.454964222055395	-0.6752175069815511	0.6115714822496686	60	1212	123606159	123607431	1	12:123606159-123606219	12:123606159-123607431
12	132696046	132696295	ENST00000317479_1	249	+	132696046	132696295	0	1	249	0	ENST00000317479	249	-13.310641905039917	-13.310641905039917	-0.34185542115365647	-1.1380000114440918	-12.089255542914854	-12.089255542914854	-0.3811734194781558	0.9308000564575195	249	4954	132696046	132701249	2	12:132696046-132696295	12:132696046-132701249
12	26999468	26999525	ENST00000343028_1	57	-	26999468	26999525	0	1	57	0	ENST00000343028	57	-37.90617526623241	-21.496649597820483	0.6637543767625302	-35.17789959907532	-18.74893181489891	-17.905282132369315	-0.14488942128115384	7.5229997634887695	57	2606	26996862	26999525	3	12:26999468-26999525	12:26996862-26999525
12	49186282	49186309	ENST00000301071_1	27	-	49186282	49186309	0	1	27	0	ENST00000301071	27	-18.546259332586217	-13.17177783118354	0.7712962958547804		-24.310164322795934	-22.437777390729075	-0.6264109596967289	-13.808599895238876	27	292	49185990	49186309	2	12:49186282-49186309	12:49185990-49186309
12	56285873	56285915	ENST00000351328_1	42	-	56285873	56285915	0	1	42	0	ENST00000351328	42	-26.434952625206538	-19.48776199633167	0.7797618946504026	-25.900366628170012	-20.723375835898498	-20.502709004141035	-0.03503938079647978	6.997000217437744	42	2016	56283857	56285915	3	12:56285873-56285915	12:56283857-56285915
12	77055821	77055854	ENST00000322886_1	33	-	77055821	77055854	0	1	33	0	ENST00000322886	33	-33.34924244158196	-20.141878908330742	0.6569696906530722	-34.267033354441324	-18.64813330795779	-18.64813330795779	0.165822850606714	6.235000133514404	33	5077	77050744	77055854	3	12:77055821-77055854	12:77050744-77055854
12	112408131	112408239	ENST00000202773_1	108	-	112408131	112408239	0	1	108	0	ENST00000202773	108	-36.06905579836004	-24.67362043854815	-0.7816574007371889	-23.76240005493164	-16.09359861898368	-16.09359861898368	-0.5874501209545938	0.7435001134872437	108	1241	112406890	112408239	1	12:112408131-112408239	12:112406890-112408239
12	122521366	122521384	ENST00000331738_1	18	-	122521366	122521384	0	1	18	0	ENST00000331738	18	-14.835277358690897	-11.197499990463257	7.531166630486648		-20.658385991760053	-20.658385991760053	3.121570564821177	4.7868000030517575	18	2337	122519029	122521384	2	12:122521366-122521384	12:122519029-122521384
13	38354296	38354362	ENST00000239878_1	66	+	38354296	38354362	0	1	66	0	ENST00000239878	66	-36.66309080882506	-34.919393957564324	0.45584848794422933	-33.08889970779419	-21.12110614560317	-20.715971076823298	-0.09829193614642336	-1.1896998822689056	66	3730	38354296	38358092	2	13:38354296-38354362	13:38354296-38358092
13	23881502	23881697	ENST00000382172_1	195	-	23881502	23881697	0	1	195	0	ENST00000382172	195	-25.91106679531244	-22.920553873135493	-0.46945640701227465	-13.556000137329102	-21.85813523891217	-21.621146605149196	-0.9309887092461199	1.17066673686107	195	2149	23879354	23881698	3	13:23881502-23881697	13:23879354-23881698
13	110906000	110906030	ENST00000267339_1	30	-	110906000	110906030	0	1	30	0	ENST00000267339	30	-15.551066502183676	-12.50120005607605	1.6034333412380268	-15.551066502183676	-19.258118454368166	-19.030941015556913	0.628843724792772	7.734000205993652	30	12739	110893263	110906032	3	13:110906000-110906030	13:110893263-110906032
14	69442266	69442314	ENST00000336643_1	48	+	69442266	69442314	0	1	48	0	ENST00000336643	48	-19.250249981880188	-19.250249981880188	1.3676041679185194	-16.78989996910095	-14.76034665618041	-13.479227029558492	0.12184382083258606	13.428000450134277	48	28990	69424202	69453240	1	14:69442266-69442314	14:69424202-69453240
14	100274758	100274809	ENST00000262238_1	51	+	100274758	100274809	0	1	51	0	ENST00000262238	51	-18.059646929011624	-18.059646929011624	2.2293333113923963	-13.374799704551696	-18.690284954914706	-18.690284954914706	1.184210466374492	2.1314000844955445	51	1680	100274758	100276489	2	14:100274758-100274809	14:100274758-100276489
14	103428440	103428500	ENST00000429436_1	60	+	103428440	103428500	0	1	60	0	ENST00000429436	60	-23.36120001077652	-23.36120001077652	1.0788166771565253	-17.386500239372253	-13.68278115623772	-13.68278115623772	-0.14281463452515852	12.741999626159668	60	20418	103428440	103448918	3	14:103428440-103428500	14:103428440-103448918
14	20460161	20460191	ENST00000250489_1	30	-	20460161	20460191	0	1	30	0	ENST00000250489	30	-21.003899770975114	-21.003899770975114	1.2650333487428724	-21.003899770975114	-27.058500007851624	-27.058500007851624	0.07889952107291429	-15.3788001537323	30	428	20459733	20460191	3	14:20460161-20460191	14:20459733-20460191
14	22976518	22976644	ENST00000262713_1	126	-	22976518	22976644	0	1	126	0	ENST00000262713	126	-27.623539441161686	-20.87490476809797	0.8034047605691567	-19.38989977836609					126	0	22976518	22976644	2	14:22976518-22976644	14:22976518-22976644
14	24442160	24442175	ENST00000399395_1	15	-	24442160	24442175	0	1	15	0	ENST00000399395	15	2.4768001556396486	2.4768001556396486	1.3058666502436003		-26.442651298699	-26.442651298699	-0.01997789829739148	-10.486699843406678	15	367	24441795	24442177	3	14:24442160-24442175	14:24441795-24442177
14	44934069	44934114	ENST00000396128_1	45	-	44934069	44934114	0	1	45	0	ENST00000396128	45	-27.103644318050808	-26.059866688317722	1.1087333271486892	-21.166866509119668	-21.77904034173015	-20.67650648902743	0.41219698807286603	0.33149997393290204	45	2528	44931541	44934114	1	14:44934069-44934114	14:44931541-44934114
14	50115823	50115838	ENST00000395860_1	15	-	50115823	50115838	0	1	15	0	ENST00000395860	15	-25.970333162943522	-5.222399520874023	1.3265333275000255		-19.9751734674582	-19.92275568340811	-0.021202144569219598	8.335000038146973	15	1419	50114404	50115838	2	14:50115823-50115838	14:50114404-50115838
14	102085745	102085757	ENST00000216281_1	12	-	102085745	102085757	0	1	12	0	ENST00000216281	12	0.8362501859664917	0.8362501859664917	-0.11491669325429636		-22.37835108099925	-22.37835108099925	-1.2941019758038332	-3.0786998882889747	12	314	102085431	102085757	3	14:102085745-102085757	14:102085431-102085757
15	40407990	40408173	ENST00000487418_1	183	+	40407990	40408173	0	1	183	0	ENST00000487418	183	-23.69731146390321	-23.148972782606634	0.42524043520113525	-10.464399814605713	-16.89836162486937	-16.594535215664976	-0.1984521132415543	1.333571399961199	183	2454	40407990	40410627	1	15:40407990-40408173	15:40407990-40410627
15	41349241	41349448	ENST00000559596_1	207	+	41349241	41349448	0	1	207	0	ENST00000559596	207	-25.99001437684764	-24.88781134330708	-0.29852525085079096	-19.867099952697753	-22.371274776699888	-19.023676784830418	-0.1065717905170445	2.865999937057495	207	1584	41349241	41351032	2	15:41349241-41349448	15:41349241-41351032
15	43756766	43756904	ENST00000300289_1	138	+	43756766	43756904	0	1	138	0	ENST00000300289	138	-33.405108730430186	-25.423956452396467	0.7114632316481542	-27.7311998128891	-17.779388787937165	-17.779388787937165	-0.797538699517823	-1.6839999914169312	138	4519	43756766	43761423	3	15:43756766-43756904	15:43756766-43761423
15	51383453	51383684	ENST00000335449_1	231	+	51383453	51383684	0	1	231	0	ENST00000335449	231	-34.632571270713555	-29.690580049634494	-0.03164502069781418	-12.385499858856202	-23.074938259173916	-23.074938259173916	-0.062259996980428695	-20.162500143051147	231	100	51383453	51383784	3	15:51383453-51383684	15:51383453-51383784
15	90593755	90593794	ENST00000268184_1	39	+	90593755	90593794	0	1	39	0	ENST00000268184	39	-22.667385024520065	-16.93102587492038	2.0082564241228957	-24.71530036479235	-24.051710732458346	-22.76761650983931	-0.14540205293563654	4.097000102202098	39	8529	90593755	90602323	2	15:90593755-90593794	15:90593755-90602323
15	64159899	64160103	ENST00000300026_1	204	-	64159899	64160103	0	1	204	0	ENST00000300026	204	-24.05373430601321	-24.05373430601321	-0.036999997537920944	-9.995600008964539	-21.75251528358888	-20.224694039242017	-0.44104063139995875	-1.4108889003594716	204	2990	64156909	64160103	1	15:64159899-64160103	15:64156909-64160103
15	68787259	68787412	ENST00000465139_1	153	-	68787259	68787412	0	1	153	0	ENST00000465139	153	-23.192908630262014	-23.192908630262014	0.24006536381404384	-12.263100028038025	-23.02312839424692	-22.296719251566632	-0.3381870025824291	5.054999828338623	153	2664	68784595	68787412	2	15:68787259-68787412	15:68784595-68787412
15	70694998	70695016	ENST00000322954_1	18	-	70694998	70695016	0	1	18	0	ENST00000322954	18	-12.858666797478994	-12.858666797478994	1.4624999811251957		-24.25633340176729	-24.25633340176729	0.13717716573654293	3.4045000076293945	18	3635	70691363	70695016	2	15:70694998-70695016	15:70691363-70695016
15	83008409	83008547	ENST00000304177_1	138	-	83008409	83008547	0	1	138	0	ENST00000304177	138	-13.397290429761332	-12.480599820613861	-0.2959202875837049	NaN	-16.587327204136518	-16.587327204136518	-0.15805240684148772	3.246999979019165	138	2717	83005692	83008547	3	15:83008409-83008547	15:83005692-83008547
16	668571	668655	ENST00000315082_1	84	+	668571	668655	0	1	84	0	ENST00000315082	84	-25.36253553841795	-23.804571106320335	-0.2826309503787862	-9.824699860811233	-10.128000259399414	-10.128000259399414	7.80649995803833		84	2	668569	668655	1	16:668571-668655	16:668569-668655
16	56935475	56935610	ENST00000439977_1	135	+	56935475	56935610	0	1	135	0	ENST00000439977	135	-28.789777734544543	-25.933414975360588	0.016207411930102993	-18.965799713134764	-24.2996355449276	-23.852879083026707	-0.13377839841167105	-3.8943748557940125	135	1076	56935475	56936686	3	16:56935475-56935610	16:56935475-56936686
16	220633	220648	ENST00000293872_1	15	-	220633	220648	0	1	15	0	ENST00000293872	15	-28.57760057449341	-21.883467070261638	3.9872666358947755		-14.67924857183406	-14.67924857183406	-0.6699152066082721	10.074000358581543	15	12445	208188	220648	2	16:220633-220648	16:208188-220648
16	29446693	29446801	ENST00000569622_1	108	-	29446693	29446801	0	1	108	0	ENST00000569622	108	-25.74272244175275	-20.69827622572581	1.2406944300444727	-10.617400252819062	-15.842894572445324	-15.842894572445324	-0.07838615435139894	0.8100000023841858	108	2194	29444499	29446801	2	16:29446693-29446801	16:29444499-29446801
16	66826471	66826522	ENST00000290810_1	51	-	66826471	66826522	0	1	51	0	ENST00000290810	51	-25.025823466918048	-19.27145118339389	1.778803930380473	-27.294199848175047	-24.335619831257024	-24.335619831257024	0.25171613019808464	-0.49428567716053556	51	1586	66824885	66826522	2	16:66826471-66826522	16:66824885-66826522
16	70680724	70680793	ENST00000338779_1	69	-	70680724	70680793	0	1	69	0	ENST00000338779	69	-16.484609002652377	-16.484609002652377	0.5271967195401914	-9.459099817276002	-24.749558509067374	-22.901088616779976	-0.265715996123487	-10.556900024414062	69	669	70680055	70680793	2	16:70680724-70680793	16:70680055-70680793
16	84589906	84590104	ENST00000262428_1	198	-	84589906	84590104	0	1	198	0	ENST00000262428	198	-24.481727233438782	-17.171500261985894	-0.7542575800643218	-11.76859998703003	-15.83911735606511	-15.391758544201668	-0.4620553495373185	9.34000015258789	198	22951	84566955	84590104	2	16:84589906-84590104	16:84566955-84590104
16	87756335	87756398	ENST00000270583_1	63	-	87756335	87756398	0	1	63	0	ENST00000270583	63	-17.806396817404128	-17.806396817404128	2.041460305393215	-9.012700080871582	-18.548848572866138	-17.62148117084442	-0.7240405124991768	1.6813750639557838	63	1043	87755292	87756398	3	16:87756335-87756398	16:87755292-87756398
17	738047	738086	ENST00000308278_1	39	+	738047	738086	0	1	39	0	ENST00000308278	39	-17.422615573956417	-10.7383331656456	0.9082564061077741	-9.73100014925003	-16.05296321020136	-16.05296321020136	0.02783219326512357	26.830399608612062	39	3214	738047	741300	3	17:738047-738086	17:738047-741300
17	5422829	5422913	ENST00000381209_1	84	+	5422829	5422913	0	1	84	0	ENST00000381209	84	-21.630821528179304	-21.630821528179304	0.18817857710001545	-17.839700078964235	-15.858572414047943	-14.793757306378632	-0.009262272470053304	10.559000015258789	84	3057	5422829	5425970	3	17:5422829-5422913	17:5422829-5425970
17	6642324	6642399	ENST00000250101_1	75	+	6642324	6642399	0	1	75	0	ENST00000250101	75	-21.74024019241333	-21.74024019241333	0.8015466724832853	-17.988000202178956	-24.443014628515865	-24.443014628515865	0.5866497282167819	-7.150000095367432	75	551	6642324	6642950	1	17:6642324-6642399	17:6642324-6642950
17	7858824	7858914	ENST00000332439_1	90	+	7858824	7858914	0	1	90	0	ENST00000332439	90	-22.39076685756445	-21.87735558350881	0.7439333314076066	-19.54240083694458	-29.011229160064293	-25.029015037931135	0.26132962197290405	-15.7126000136137	90	467	7858824	7859381	1	17:7858824-7858914	17:7858824-7859381
17	31940486	31940516	ENST00000322652_1	30	+	31940486	31940516	0	1	30	0	ENST00000322652	30	-17.79630024433136	-12.812099855144819	3.7321000054478644	-17.79630024433136	-19.078225815192855	-19.078225815192855	0.1428916893746389	7.255000114440918	30	7100	31940486	31947616	3	17:31940486-31940516	17:31940486-31947616
17	42774699	42774738	ENST00000253794_1	39	+	42774699	42774738	0	1	39	0	ENST00000253794	39	-20.153154006371132	-20.153154006371132	1.4172307711381178	-16.46480016708374	-16.366156103916286	-16.366156103916286	0.2046124588530575	-1.8257777790228527	39	642	42774699	42775380	1	17:42774699-42774738	17:42774699-42775380
17	44723022	44723241	ENST00000315005_1	219	+	44723022	44723241	0	1	219	0	ENST00000315005	219	-25.577828341722487	-23.905355856968807	-0.27924657121543095	-9.97949993610382	-13.393904350054745	-12.114980433781046	-0.14692106079885475	NaN	219	6663	44723022	44729904	1	17:44723022-44723241	17:44723022-44729904
17	50656827	50656887	ENST00000285238_1	60	+	50656827	50656887	0	1	60	0	ENST00000285238	60	-8.450399912102148	-8.450399912102148	1.3462166650220753	-5.56819970747456	-33.403930131393146	-28.563810198367396	0.26861392380964433	-20.552133003870647	60	158	50656827	50657045	1	17:50656827-50656887	17:50656827-50657045
17	63829563	63829608	ENST00000310144_1	45	+	63829563	63829608	0	1	45	0	ENST00000310144	45	-27.291467253367106	-27.056822745005288	0.5983777623209688	-25.150900506973265	-29.130345790474504	-24.627481490986828	-0.31366255444210067	-11.78320016860962	45	243	63829563	63829851	1	17:63829563-63829608	17:63829563-63829851
17	68250967	68251012	ENST00000359904_1	45	+	68250967	68251012	0	1	45	0	ENST00000359904	45	-28.29440012772878	-21.905600203408135	-0.20895554799483054	-18.77509981393814	-26.936279045899262	-11.178666651025694	1.2016591751084258	-11.799899816513062	45	534	68250470	68251049	2	17:68250967-68251012	17:68250470-68251049
17	81670453	81670549	ENST00000329214_1	96	+	81670453	81670549	0	1	96	0	ENST00000329214	96	-22.89443739503622	-21.896864749491215	-0.2899895875234506	-11.228400039672852	-18.054801035452112	-17.634777236845334	-1.110488904958234	-0.3351667523384094	96	1194	81670453	81671743	2	17:81670453-81670549	17:81670453-81671743
17	1552990	1553002	ENST00000313486_1	12	-	1552990	1553002	0	1	12	0	ENST00000313486	12	-44.042750120162964	10.961749792098999	0.6317500372727712		-17.94770520675058	-16.707403421231252	-0.18791364450500042	9.369999885559082	12	4604	1548387	1553003	2	17:1552990-1553002	17:1548387-1553003
17	3839965	3840097	ENST00000389005_1	132	-	3839965	3840097	0	1	132	0	ENST00000389005	132	-24.651712319164567	-22.751113441857424	0.3765227280603016	-11.418400239944457	-18.769569755703227	-18.769569755703227	-0.13356990488138537	7.104000091552734	132	10599	3829368	3840099	2	17:3839965-3840097	17:3829368-3840099
17	7930887	7931010	ENST00000303731_1	123	-	7930887	7931010	0	1	123	0	ENST00000303731	123	-32.04768293853698	-23.82086168072088	0.7983902469580251	-18.90389988422394	-31.132503031126035	-25.002549023367465	0.8592679721647204	-24.73739948272705	123	153	7930734	7931010	1	17:7930887-7931010	17:7930734-7931010
17	28570755	28570851	ENST00000308360_1	96	-	28570755	28570851	0	1	96	0	ENST00000308360	96	-21.514718554913998	-21.514718554913998	0.7281354102318195	-15.233099865913392	-11.450227051859544	-10.686585812900095	-0.09837086662230765	9.567999839782715	96	6848	28563907	28570851	1	17:28570755-28570851	17:28563907-28570851
17	28926795	28926990	ENST00000332830_1	195	-	28926795	28926990	0	1	195	0	ENST00000332830	195	-19.83917448673493	-16.984364078900754	2.0508153818344743	-11.9971999168396	-22.952309402015167	-22.952309402015167	0.8507687033136558	-1.8684999545415242	195	2493	28924302	28926990	1	17:28926795-28926990	17:28924302-28926990
17	38852588	38852603	ENST00000479035_1	15	-	38852588	38852603	0	1	15	0	ENST00000479035	15	-22.924600219726564	-13.464999707539876	1.588800026414295		-15.34869326878574	-15.34869326878574	-0.5376691901655246	0.19675001315772533	15	2113	38850475	38852603	3	17:38852588-38852603	17:38850475-38852603
17	44681968	44682001	ENST00000315286_1	33	-	44681968	44682001	0	1	33	0	ENST00000315286	33	-25.061909487753205	-13.873818293213844	2.2968484276171885	-22.888967021306357	-22.33080124738239	-21.326599580787512	0.07240874821943165	-1.4529999494552612	33	1326	44680643	44682002	2	17:44681968-44682001	17:44680643-44682002
17	62052515	62052536	ENST00000397786_1	21	-	62052515	62052536	0	1	21	0	ENST00000397786	21	-38.12242889404297	-10.601714341413407	2.397047599444964		-15.611523889767382	-15.468246915394912	0.00740688403357306	6.340000152587891	21	16907	62035608	62052536	3	17:62052515-62052536	17:62035608-62052536
17	75892245	75892266	ENST00000269383_1	21	-	75892245	75892266	0	1	21	0	ENST00000269383	21	-25.33466597398122	-25.287143060139247	0.0595714466735011		-31.125883197784425	-31.125883197784425	-0.3302499741238231	-26.611299800872803	21	60	75892185	75892266	1	17:75892245-75892266	17:75892185-75892266
17	76684852	76685071	ENST00000449428_1	219	-	76684852	76685071	0	1	219	0	ENST00000449428	219	-18.4044933125853	-18.4044933125853	-0.3472146124294087	-1.897700309753418	-23.003912599070304	-23.003912599070304	-0.26325566617051954	-0.4169000625610352	219	7150	76677702	76685071	2	17:76684852-76685071	17:76677702-76685071
17	81682871	81683012	ENST00000622299_1	141	-	81682871	81683012	0	1	141	0	ENST00000622299	141	-24.50185107677541	-24.50185107677541	-0.5675319123035627	-12.065599989891052	-18.605085307732224	-16.04412496590805	-0.5311143284911295	1.7619999647140503	141	722	81682149	81683012	3	17:81682871-81683012	17:81682149-81683012
18	662320	662332	ENST00000323274_1	12	+	662320	662332	0	1	12	0	ENST00000323274	12	3.3952504098415375	3.3952504098415375	3.1969999788949885		-21.209003944747653	-21.080606576892922	-0.02869403988762018	21.896900033950807	12	8359	662320	670691	2	18:662320-662332	18:662320-670691
18	9594993	9595017	ENST00000400556_1	24	-	9594993	9595017	0	1	24	0	ENST00000400556	24	-22.99500048160553	-20.825750251611073	0.3350000185891986		-18.744493236501018	-18.461784801070053	0.0489860947118775	2.762999951839447	24	6140	9588853	9595017	1	18:9594993-9595017	18:9588853-9595017
19	2271530	2271614	ENST00000602676_1	84	+	2271530	2271614	0	1	84	0	ENST00000602676	84	-12.93340762897774	-12.93340762897774	-0.30461972432447154	1.5389999330043793	-19.932603662515557	-17.403944118607857	-0.8035971157373392	-7.8633998215198515	84	167	2271530	2271781	3	19:2271530-2271614	19:2271530-2271781
19	2337625	2337730	ENST00000613503_1	105	+	2337625	2337730	0	1	105	0	ENST00000613503	105	-13.183342722484044	-12.835238170056115	-0.5306285681291705	-4.3328999996185305	-10.45985759717135	-9.990802129368952	-0.979535502333059	0.7813749313354492	105	1021	2337625	2338751	2	19:2337625-2337730	19:2337625-2338751
19	3193428	3193554	ENST00000246117_1	126	+	3193428	3193554	0	1	126	0	ENST00000246117	126	-16.15112822330915	-16.15112822330915	-0.7210555523929615	2.964800000190735	-10.472860180015156	-10.472860180015156	-0.672825030930964	9.588000297546387	126	2628	3193428	3196182	1	19:3193428-3193554	19:3193428-3196182
19	17420636	17420720	ENST00000317040_1	84	+	17420636	17420720	0	1	84	0	ENST00000317040	84	-24.145428717136383	-13.841880863621121	0.2179999935684637	-21.06550052165985	-13.488843835763435	-13.155599231297002	-0.6362035518793239	-0.545777804321713	84	1613	17420634	17422331	3	19:17420636-17420720	19:17420634-17422331
19	19916655	19916808	ENST00000343769_1	153	+	19916655	19916808	0	1	153	0	ENST00000343769	153	-7.087593786418438	-2.984892515405532	-8.222797374661063	-1.8038570540291923	-6.184256207249788	-5.557064101276374	-4.72049276845099	2.2280001640319824	153	16373	19916655	19933181	1	19:19916655-19916808	19:19916655-19933181
19	35259066	35259339	ENST00000605618_1	273	+	35259066	35259339	0	1	273	0	ENST00000605618	273	-21.77135628530349	-19.504787870654553	0.45011354855521013	-4.342777782016331	-19.13139636407331	-17.615518742967883	-0.37188758561801916	1.6312000058591365	273	2587	35259064	35261924	1	19:35259066-35259339	19:35259064-35261924
19	36120807	36120990	ENST00000221855_1	183	+	36120807	36120990	0	1	183	0	ENST00000221855	183	-32.58965565728359	-32.58965565728359	-0.7332458940456759	-18.39719977378845	-31.680590560436247	-29.902855284895217	-0.727138887728206	-7.835374981164932	183	537	36120806	36121526	1	19:36120807-36120990	19:36120806-36121526
19	38624197	38624359	ENST00000248342_1	162	+	38624197	38624359	0	1	162	0	ENST00000248342	162	-24.085740629169678	-22.491660679564063	-0.21145678578048116	-14.801099729537963	-16.71455910460158	-16.71455910460158	-0.2789322548849917	-1.3830000162124634	162	1668	38624197	38626027	2	19:38624197-38624359	19:38624197-38626027
19	41879653	41879731	ENST00000221972_1	78	+	41879653	41879731	0	1	78	0	ENST00000221972	78	-14.013730792471996	-14.013730792471996	0.06184615288079024	-10.929099869728088	-15.566745934659963	-14.994465691528724	-0.36321397244195175	4.729000091552734	78	938	41879653	41880669	2	19:41879653-41879731	19:41879653-41880669
19	44650105	44650396	ENST00000425690_1	291	+	44650105	44650396	0	1	291	0	ENST00000425690	291	-21.14170829579234	-20.674055668628878	-1.6168865961345917	-9.644200158119201	-12.387290349660487	-12.387290349660487	-0.7846049114331896	5.767000198364258	291	3503	44650105	44653899	2	19:44650105-44650396	19:44650105-44653899
19	45471301	45471403	ENST00000353609_1	102	+	45471301	45471403	0	1	102	0	ENST00000353609	102	-24.440029526458066	-23.27689185271076	0.6310000014170234	-13.096600031852722	-21.109870742708118	-21.109870742708118	-0.18156233539386504	1.7074999293933313	102	1147	45471301	45472550	2	19:45471301-45471403	19:45471301-45472550
19	49166215	49166371	ENST00000252826_1	156	+	49166215	49166371	0	1	156	0	ENST00000252826	156	-14.496480726278746	-10.218365386892588	-0.2189807656985254	-8.624600076675415	-9.521771528226424	-9.521771528226424	-3.643113920030118	-1.1836666266123455	156	1545	49166215	49167916	2	19:49166215-49166371	19:49166215-49167916
19	49878572	49878617	ENST00000221543_1	45	+	49878572	49878617	0	1	45	0	ENST00000221543	45	-33.4883998165528	-19.679488980107838	-0.5112666871812609	-32.98540014177561	-11.988000666296543	-11.988000666296543	-0.5752895839886195	3.6110000610351562	45	1661	49878572	49880278	3	19:49878572-49878617	19:49878572-49880278
19	58545897	58546068	ENST00000253024_1	171	+	58545897	58546068	0	1	171	0	ENST00000253024	171	-30.382158050411626	-30.382158050411626	-0.9097076001528063	-20.48150001168251	-28.18208417551661	-25.64452222258585	-0.8414904350422354	-7.1972858011722565	171	1308	58545896	58547375	1	19:58545897-58546068	19:58545896-58547375
19	287382	287472	ENST00000434325_1	90	-	287382	287472	0	1	90	0	ENST00000434325	90	-12.71917788800266	-10.922422296471066	-0.8509888928021407	-7.69859999269247	-8.819989686584941	-8.819989686584941	-1.226768205012098	7.006999850273132	90	4574	282809	287473	1	19:287382-287472	19:282809-287473
19	334306	334399	ENST00000264819_1	93	-	334306	334399	0	1	93	0	ENST00000264819	93	-19.01663452322765	-13.457741803699925	-0.5471505385232709	-11.414099872112274	-11.418372895495304	-10.103647750109404	-0.600554045991765	6.416999816894531	93	6317	327989	334399	2	19:334306-334399	19:327989-334399
19	3983088	3983109	ENST00000309311_1	21	-	3983088	3983109	0	1	21	0	ENST00000309311	21	-40.04919011252267	-18.924142441579274	-0.008190480371316275		-33.64618599235213	-21.529314205476215	-1.1958428561421377	-25.958800263982265	21	70	3983018	3983109	1	19:3983088-3983109	19:3983018-3983109
19	10328509	10328641	ENST00000617231_1	132	-	10328509	10328641	0	1	132	0	ENST00000617231	132	-15.943571387302308	-15.58688109261649	0.11453658329489512	-6.250874899327755	-12.239910338365007	-11.411527618062541	-0.6152606662874067	2.3627499118447304	132	4943	10323566	10328641	2	19:10328509-10328641	19:10323566-10328641
19	42249758	42249824	ENST00000222329_1	66	-	42249758	42249824	0	1	66	0	ENST00000222329	66	-35.8024545582858	-28.650121103633534	-0.250196976685953	-24.56369972229004	-25.73290888829665	-19.58877239444039	2.086954532021826		66	22	42249738	42249826	3	19:42249758-42249824	19:42249738-42249826
19	42300143	42300170	ENST00000262890_1	27	-	42300143	42300170	0	1	27	0	ENST00000262890	27	-17.23599969678455	-17.23599969678455	0.965555535974326		-32.779646789326385	-20.13388225962134	0.6755098208200698	-31.174099969863892	27	51	42300092	42300170	3	19:42300143-42300170	19:42300092-42300170
2	10123530	10123587	ENST00000304567_1	57	+	10123530	10123587	0	1	57	0	ENST00000304567	57	-21.417684203700016	-16.301315755174873	-0.1488947476864907	-14.395299911499023	-18.290612732440653	-18.290612732440653	-0.49497297318727784	-13.385000133514405	57	148	10123530	10123735	1	2:10123530-10123587	2:10123530-10123735
2	74960146	74960197	ENST00000483063_1	51	+	74960146	74960197	0	1	51	0	ENST00000483063	51	-17.167999856612262	-17.167999856612262	0.7991960573137975	-9.442099475860596	-15.301825857713814	-15.081041072050644	0.053786515419905	6.565000057220459	51	9211	74960146	74969408	2	2:74960146-74960197	2:74960146-74969408
2	172063860	172063896	ENST00000315796_1	36	+	172063860	172063896	0	1	36	0	ENST00000315796	36	-13.354750043402115	-13.354750043402115	1.4238611111391544	-13.196999986469745	-23.624398098147985	-23.624398098147985	0.6368248383969469	0.8916667103767395	36	1707	172063860	172065603	1	2:172063860-172063896	2:172063860-172065603
2	202278004	202278019	ENST00000264279_1	15	+	202278004	202278019	0	1	15	0	ENST00000264279	15	-15.305999374389648	-15.305999374389648	2.4406000385681788		-19.017947802614167	-18.934018664807745	0.12526440984094436	8.944999694824219	15	4333	202278002	202282350	2	2:202278004-202278019	2:202278002-202282350
2	203380384	203380444	ENST00000261018_1	60	+	203380384	203380444	0	1	60	0	ENST00000261018	60	-30.077699732780456	-18.993366650740306	1.7425333273907502	-27.87919955253601	-20.52128145221298	-20.52128145221298	0.7931337184845694	5.075000047683716	60	10601	203380384	203391045	2	2:203380384-203380444	2:203380384-203391045
2	39769588	39769708	ENST00000505747_1	120	-	39769588	39769708	0	1	120	0	ENST00000505747	120	-9.117912313786515	-7.650783297419548	0.0701166681246832	3.216999903321266	-23.700889792763636	-23.700889792763636	0.15624503422834246	-0.9584285829748426	120	1088	39768501	39769709	2	2:39769588-39769708	2:39768501-39769709
2	95114981	95115065	ENST00000272418_1	84	-	95114981	95115065	0	1	84	0	ENST00000272418	84	-28.00817840972117	-25.038583330455282	0.5851428554881186	-18.188900008797646	-15.536014712562057	-15.536014712562057	-0.14192217610034427	10.956999778747559	84	4940	95110041	95115065	3	2:95114981-95115065	2:95110041-95115065
2	224535509	224535527	ENST00000264414_1	18	-	224535509	224535527	0	1	18	0	ENST00000264414	18	-24.398666540781658	-19.019944257206387	2.915222213500076		-21.815805230235576	-21.692574777996025	0.02260581291406326	5.88100004196167	18	20737	224514772	224535527	3	2:224535509-224535527	2:224514772-224535527
20	2653395	2653545	ENST00000329276_1	150	+	2653395	2653545	0	1	150	0	ENST00000329276	150	-29.20533992767334	-23.26286653449138	-0.4574133382566894	-19.31419973373413	-17.17980415533489	-15.180202646261337	0.04938735657347495	3.27040011882782	150	870	2653393	2654413	1	20:2653395-2653545	20:2653393-2654413
20	3046737	3046995	ENST00000380325_1	258	+	3046737	3046995	0	1	258	0	ENST00000380325	258	-23.145651231411584	-19.310015525293444	-0.3187519366042544	-12.446100137382746	-16.81443502693063	-16.81443502693063	-0.0659316930768164	-0.1500000149011612	258	739	3046737	3047734	1	20:3046737-3046995	20:3046737-3047734
20	6015492	6015594	ENST00000378863_1	102	+	6015492	6015594	0	1	102	0	ENST00000378863	102	-19.829176620087203	-19.829176620087203	1.5717647064924605	-1.8889000415802002	-14.458474969460346	-14.13038570527495	-0.008317308786103626	2.631999969482422	102	15692	6015490	6031284	1	20:6015492-6015594	20:6015490-6031284
20	18472909	18472975	ENST00000377603_1	66	+	18472909	18472975	0	1	66	0	ENST00000377603	66	-33.65009101954374	-28.523591204123065	1.1897121201071776	-25.162300062179565	-23.569954178275832	-22.15490132958056	1.5687204757144293	-6.649900031089783	66	415	18472909	18473390	2	20:18472909-18472975	20:18472909-18473390
20	38948000	38948012	ENST00000619850_1	12	+	38948000	38948012	0	1	12	0	ENST00000619850	12	-20.260250329971313	-1.5530831515789032	3.005666690412909		-18.628022458595847	-18.569131972352416	-0.1783554832325354	8.093000411987305	12	3526	38948000	38951538	3	20:38948000-38948012	20:38948000-38951538
20	63873816	63873852	ENST00000346249_1	36	+	63873816	63873852	0	1	36	0	ENST00000346249	36	-12.937499878307184	-12.063166671329075	1.4701666705724266	-12.709899806976319	-15.665950183489352	-15.474320236376341	-0.16158295080315077	2.88100004196167	36	1963	63873816	63875815	1	20:63873816-63873852	20:63873816-63875815
20	444978	445047	ENST00000354200_1	69	-	444978	445047	0	1	69	0	ENST00000354200	69	-28.41360861322154	-18.434492951717928	-0.32215941608276055	-22.951700019836426	-20.269526308453397	-20.269526308453397	-0.17841864549753794	1.6803999602794648	69	2937	442043	445049	1	20:444978-445047	20:442043-445049
20	2465659	2465707	ENST00000381342_1	48	-	2465659	2465707	0	1	48	0	ENST00000381342	48	-22.831666707992554	-21.9606873691082	0.4562708445591852	-18.570299744606018	-21.98163104585713	-21.72275952468331	-0.018153845389300868	0.9213333527247111	48	1760	2463899	2465707	2	20:2465659-2465707	20:2463899-2465707
20	34103440	34103461	ENST00000374980_1	21	-	34103440	34103461	0	1	21	0	ENST00000374980	21	-5.881666745458331	-5.881666745458331	5.999619082325981		-20.261588245336846	-19.737770000972127	0.28278941710788646	13.246999740600586	21	4807	34098633	34103461	2	20:34103440-34103461	20:34098633-34103461
20	34294015	34294078	ENST00000217426_1	63	-	34294015	34294078	0	1	63	0	ENST00000217426	63	-26.448603404892815	-26.448603404892815	0.12403174248036175	-19.70156660079956	-28.967795696477495	-26.928307992958906	0.10642980173483046	-6.124200057983399	63	1510	34292507	34294080	2	20:34294015-34294078	20:34292507-34294080
21	14221169	14221322	ENST00000400577_1	153	+	14221169	14221322	0	1	153	0	ENST00000400577	153	-25.166470369579745	-25.166470369579745	0.700307190625204	-15.763999652862548	-19.99835699489644	-19.619606326391896	-0.1709462372455567	0.45750001072883606	153	3115	14221169	14224437	3	21:14221169-14221322	21:14221169-14224437
21	43100345	43100450	ENST00000291552_1	105	-	43100345	43100450	0	1	105	0	ENST00000291552	105	-1.3147142912660326	-1.3147142912660326	5.514980934595778	3.3777000427246096	-18.200343039441773	-18.08945412879788	0.013504941947104472	6.13100004196167	105	4604	43095743	43100452	3	21:43100345-43100450	21:43095743-43100452
22	18528868	18528964	ENST00000612978_1	96	+	18528868	18528964	0	1	96	0	ENST00000612978	96	-19.00653118826449	-9.189322982914746	-0.4774895869559259	-12.286899948120118	-15.952799979123203	-10.212163600054653	0.05552726801146161	-9.166300094127655	96	55	18528867	18529018	2	22:18528868-18528964	22:18528867-18529018
22	20551487	20551544	ENST00000263205_1	57	+	20551487	20551544	0	1	57	0	ENST00000263205	57	-27.06568424089959	-27.06568424089959	1.285754384718051	-17.084999890625475	-25.415626773133678	-25.415626773133678	-0.2486706245282403	-7.007800030708313	57	1600	20551487	20553144	3	22:20551487-20551544	22:20551487-20553144
22	21468203	21468299	ENST00000536718_1	96	+	21468203	21468299	0	1	96	0	ENST00000536718	96	-23.8149032438955	-13.019836835239245	-0.5218749957275577	-13.453200197219848	-27.40423066799457	-12.761110837812778	0.009018182009458541	-15.882703993055555	96	55	21468202	21468353	3	22:21468203-21468299	22:21468202-21468353
22	21611043	21611208	ENST00000342192_1	165	+	21611043	21611208	0	1	165	0	ENST00000342192	165	-29.22280015078458	-28.375048570018826	-0.4337696975830829	-20.685799884796143	-14.553675880918664	-14.553675880918664	-0.28725623233945435	8.88599967956543	165	10306	21611043	21621514	1	22:21611043-21611208	22:21611043-21621514
22	37678654	37678819	ENST00000215909_1	165	+	37678654	37678819	0	1	165	0	ENST00000215909	165	-16.541907348566586	-14.864601198149606	-0.31218788178468293	-3.9081001758575438	-20.053486534469837	-19.38988508956622	-0.3144431662892074	NaN	165	783	37678654	37679602	2	22:37678654-37678819	22:37678654-37679602
22	40794483	40794513	ENST00000435456_1	30	-	40794483	40794513	0	1	30	0	ENST00000435456	30	-29.351733255386353	-18.158900419871014	0.863366661220789	-29.351733255386353	-15.943760339151487	-15.943760339151487	0.269773172214735	20.48219998776913	30	15358	40779125	40794513	1	22:40794483-40794513	22:40779125-40794513
22	41467423	41467447	ENST00000216252_1	24	-	41467423	41467447	0	1	24	0	ENST00000216252	24	-16.735833644866943	-11.76100018247962	1.9301666566170752		-15.550444866740392	-15.550444866740392	-0.23638991628203104	11.3149995803833	24	6936	41460487	41467447	2	22:41467423-41467447	22:41460487-41467447
22	50257972	50258242	ENST00000215659_1	270	-	50257972	50258242	0	1	270	0	ENST00000215659	270	-29.776816565110888	-24.46569651993138	-0.35343333458251974	-19.005500072240828	-22.68125158318812	-22.219721474583153	-0.6094351735169878	-6.181200015544891	270	779	50257193	50258242	2	22:50257972-50258242	22:50257193-50258242
3	4980408	4980699	ENST00000256495_1	291	+	4980408	4980699	0	1	291	0	ENST00000256495	291	-20.78265981944566	-18.46636434851848	1.228250860190179	3.8649998873472216	-21.92912979436667	-21.735134465432793	0.5234358987564132	-3.0516666869322457	291	692	4980408	4981391	1	3:4980408-4980699	3:4980408-4981391
3	53849795	53849933	ENST00000288167_1	138	+	53849795	53849933	0	1	138	0	ENST00000288167	138	-27.96430454435556	-21.2679275682439	0.3436376823152861	-21.407200026512147	-21.790772752443132	-21.790772752443132	-0.127075527731627	5.974999904632568	138	2065	53849795	53851998	3	3:53849795-53849933	3:53849795-53851998
3	56559594	56559618	ENST00000394672_1	24	+	56559594	56559618	0	1	24	0	ENST00000394672	24	-17.912624955177307	-14.790375371774038	4.015208366016547		-17.92762634891932	-17.92762634891932	0.1301528731178291	12.166000366210938	24	4065	56559594	56563683	1	3:56559594-56559618	3:56559594-56563683
3	73047356	73047368	ENST00000356692_1	12	+	73047356	73047368	0	1	12	0	ENST00000356692	12	-17.04650029540062	-0.9952501455942789	6.148666583622496		-20.196302661964953	-20.021909109218953	-0.06055802415965324	3.937999963760376	12	11668	73047356	73059036	3	3:73047356-73047368	3:73047356-73059036
3	94084450	94084477	ENST00000314622_1	27	+	94084450	94084477	0	1	27	0	ENST00000314622	27	-21.352777745988632	-20.878814344052916	0.6994073921124693		-18.878753918695384	-18.878753918695384	0.17510624428058413	3.686000108718872	27	9662	94084450	94094139	2	3:94084450-94084477	3:94084450-94094139
3	150558463	150558577	ENST00000460851_1	114	+	150558463	150558577	0	1	114	0	ENST00000460851	114	-32.40439486503601	-28.105850790676318	0.9414122778056353	-16.954800271987914	-20.015471608245118	-19.6805380421503	0.16264436949366293	3.940000057220459	114	3980	150558462	150562556	2	3:150558463-150558577	3:150558462-150562556
3	186784696	186784801	ENST00000323963_1	105	+	186784696	186784801	0	1	105	0	ENST00000323963	105	-24.530371502467563	-14.705361929961613	1.566047621128105	-12.305999636650085	-8.033999883383512	-5.073637409973889	5.874393715977203	0.13130006790161133	105	160	186784696	186784961	2	3:186784696-186784801	3:186784696-186784961
3	53241026	53241131	ENST00000462138_1	105	-	53241026	53241131	0	1	105	0	ENST00000462138	105	-31.32979028565543	-18.979428895882197	-0.1943714258571466	-24.659999704360963	-28.11115634742476	-27.294424797845096	-0.4226375699062906	-11.41360025703907	105	678	53240348	53241131	3	3:53241026-53241131	3:53240348-53241131
3	101671004	101671127	ENST00000312938_1	123	-	101671004	101671127	0	1	123	0	ENST00000312938	123	-30.005951199832	-30.005951199832	0.7429999986072725	-14.225499805808067	-17.238874109055008	-16.21521341428878	0.20280410759903175	7.433000087738037	123	5198	101665808	101671129	3	3:101671004-101671127	3:101665808-101671129
3	149375312	149375441	ENST00000305366_1	129	-	149375312	149375441	0	1	129	0	ENST00000305366	129	-26.67146521575691	-26.67146521575691	-0.498124029754495	-9.95669994354248	-26.415232825912305	-25.671087324491424	0.04833185823935092	8.712500154972076	129	3446	149371867	149375442	3	3:149375312-149375441	3:149371867-149375442
3	183152278	183152374	ENST00000265598_1	96	-	183152278	183152374	0	1	96	0	ENST00000265598	96	-31.528687668032944	-22.0426458021005	-0.22770833419053815	-21.253700304031373	-17.982754010097384	-17.59452357834221	-0.07923355706487838	10.881999969482422	96	11683	183140595	183152374	2	3:183152278-183152374	3:183140595-183152374
3	197026423	197026657	ENST00000296350_1	234	-	197026423	197026657	0	1	234	0	ENST00000296350	234	-25.263743561811935	-22.395311972301485	-0.5147735031230104	-3.558399868011475	-21.707147916861494	-20.284908760417753	-0.4555407226892169	-6.211200070381165	234	1940	197024485	197026659	2	3:197026423-197026657	3:197024485-197026659
4	17813147	17813249	ENST00000251496_1	102	+	17813147	17813249	0	1	102	0	ENST00000251496	102	-27.53070581748205	-23.578009621185416	0.44994117796658445	-16.193800166249275	-20.125925910373528	-20.125925910373528	-0.07868936050637709	1.74399995803833	102	1605	17813145	17814852	3	4:17813147-17813249	4:17813145-17814852
4	73869989	73870088	ENST00000395761_1	99	+	73869989	73870088	0	1	99	0	ENST00000395761	99	-28.452091198979	-27.446424192852444	-0.611979600119319	-23.74170014858246	-29.00129872100014	-29.00129872100014	-1.673738424583226	-11.367700242996216	99	432	73869989	73870520	3	4:73869989-73870088	4:73869989-73870520
4	77005796	77005841	ENST00000264893_1	45	+	77005796	77005841	0	1	45	0	ENST00000264893	45	-37.98799999083082	-24.064510832892523	0.8005111117381603	-34.423399798944594	-26.81673855881171	-25.396567952409487	0.27089271789708036	-2.157899960875511	45	5893	77005796	77011734	3	4:77005796-77005841	4:77005796-77011734
4	88036353	88036467	ENST00000237596_1	114	+	88036353	88036467	0	1	114	0	ENST00000237596	114	-27.19252628715415	-27.19252628715415	0.032447365865217556	-18.754000294208527	-22.70770650293483	-22.70770650293483	-0.14520022416614264	-2.1253333538770676	114	1783	88036353	88038250	1	4:88036353-88036467	4:88036353-88038250
4	99034342	99034354	ENST00000296411_1	12	+	99034342	99034354	0	1	12	0	ENST00000296411	12	-4.3362500965595245	-4.3362500965595245	5.293749978144963		-21.066207710371433	-21.066207710371433	0.030352489991332995	-1.9673999965190887	12	1045	99034342	99035399	2	4:99034342-99034354	4:99034342-99035399
4	2257924	2257981	ENST00000337190_1	57	-	2257924	2257981	0	1	57	0	ENST00000337190	57	-23.675736778660823	-23.675736778660823	0.041070176713299336	-18.935100078582764	-22.70967965652374	-22.70967965652374	-0.46208015538069913	-0.7061429364340646	57	5402	2252522	2257981	2	4:2257924-2257981	4:2252522-2257981
4	10103757	10103895	ENST00000499869_1	138	-	10103757	10103895	0	1	138	0	ENST00000499869	138	-20.67705086024775	-20.67705086024775	-0.7102391399591621	-13.694400343298913	-19.486815735533607	-19.486815735533607	-0.7037718331849702	5.824999968210856	138	4618	10099139	10103895	1	4:10103757-10103895	4:10099139-10103895
5	5437114	5437216	ENST00000296564_1	102	+	5437114	5437216	0	1	102	0	ENST00000296564	102	-28.035735368947773	-27.41348030440071	0.5354215640428603	-18.543300065398217	-22.940605200140507	-22.940605200140507	-0.23309580879327757	1.5369999408721924	102	2678	5437114	5439894	2	5:5437114-5437216	5:5437114-5439894
5	891136	891154	ENST00000467963_1	18	-	891136	891154	0	1	18	0	ENST00000467963	18	-15.573833452330696	-15.573833452330696	0.5303888802623583		-17.58108415929361	-15.23116325594566	-0.9467255463160024	0.3919999897480011	18	1370	889766	891154	2	5:891136-891154	5:889766-891154
5	149525017	149525044	ENST00000377843_1	27	-	149525017	149525044	0	1	27	0	ENST00000377843	27	-29.61259297971372	-23.86933347913954	2.117518504667613		-18.198390282035678	-18.019886546351838	-0.10439601865170507	7.239999771118164	27	4629	149520388	149525044	2	5:149525017-149525044	5:149520388-149525044
5	172769422	172769572	ENST00000239223_1	150	-	172769422	172769572	0	1	150	0	ENST00000239223	150	-29.323379962245625	-24.25977351983388	-0.04037333132699132	-17.328999710083007	-27.17650322161921	-26.68819865114885	0.3297979468591384	-16.859299570322037	150	292	172769132	172769574	2	5:172769422-172769572	5:172769132-172769574
5	176386772	176386838	ENST00000614830_1	66	-	176386772	176386838	0	1	66	0	ENST00000614830	66	-23.400788000135712	-20.056817829608917	0.21953030656599862	-19.760533396402995	-24.414506216095955	-24.414506216095955	-0.13276767035357412	-9.164800059795379	66	1446	176385327	176386839	3	5:176386772-176386838	5:176385327-176386839
5	178229862	178229937	ENST00000308158_1	75	-	178229862	178229937	0	1	75	0	ENST00000308158	75	-26.752599949836732	-26.752599949836732	-0.6700800014287234	-23.958199846744538	-16.989450392354662	-16.292063046404213	-0.19584999975115713	1.7239999771118164	75	4435	178225429	178229939	1	5:178229862-178229937	5:178225429-178229939
6	35469028	35469043	ENST00000322203_1	15	+	35469028	35469043	0	1	15	0	ENST00000322203	15	-10.33160004913807	11.645466581980388	4.390800059835116		-9.216014775166498	-9.216014775166498	2.531360940714284	7.4546997308731076	15	338	35469027	35469380	2	6:35469028-35469043	6:35469027-35469380
6	37171031	37171064	ENST00000373509_1	33	+	37171031	37171064	0	1	33	0	ENST00000373509	33	-11.498908823186701	-11.498908823186701	2.4236818379299208	-9.296399879455567	-14.7444999396801	-14.7444999396801	0.6448500187757115	-9.102900052070618	33	60	37171031	37171124	3	6:37171031-37171064	6:37171031-37171124
6	43777666	43777702	ENST00000672860_1	36	+	43777666	43777702	0	1	36	0	ENST00000672860	36	-25.471333543459576	-19.83555547396342	-0.21372219340668785	-18.84590001106262	-21.79209765858732	-21.79209765858732	1.6186200534620159	-0.23510005474090576	36	758	43777665	43778459	2	6:43777666-43777702	6:43777665-43778459
6	44249583	44249643	ENST00000371646_1	60	+	44249583	44249643	0	1	60	0	ENST00000371646	60	-29.948800210654735	-29.948800210654735	-0.632499993716677	-25.962900123000146	-34.965999757089925	-34.965999757089925	0.4758064718015732	-34.861933040618894	60	31	44249583	44249674	1	6:44249583-44249643	6:44249583-44249674
6	110888983	110889043	ENST00000368885_1	60	+	110888983	110889043	0	1	60	0	ENST00000368885	60	-17.10849983096123	-17.10849983096123	0.5391833107763281	-10.776899802684785	-13.817052335605844	-13.419120490628538	-0.20998400530714373	-0.04860000908374786	60	1210	110888983	110890253	2	6:110888983-110889043	6:110888983-110890253
6	125972328	125972433	ENST00000229633_1	105	+	125972328	125972433	0	1	105	0	ENST00000229633	105	-35.59031467437744	-27.995047461418878	0.932361895067706	-29.62330013513565	-20.82374898662442	-20.37400269143149	0.07028464486562234	7.815000057220459	105	2413	125972328	125974846	1	6:125972328-125972433	6:125972328-125974846
6	138406151	138406166	ENST00000607197_1	15	+	138406151	138406166	0	1	15	0	ENST00000607197	15	-12.213399767875671	-2.6460662841796876	3.78426660473148		-17.63743870996271	-16.234039866658204	-0.2262546193009424	9.114500045776367	15	6831	138406033	138412879	3	6:138406151-138406166	6:138406033-138412879
6	3155588	3155624	ENST00000333628_1	36	-	3155588	3155624	0	1	36	0	ENST00000333628	36	-26.811333537101746	-15.04280592666732	-1.9757777702891164	-26.79350028038025	-24.037476726895886	-24.037476726895886	-0.8829753845722343	-7.739600038528442	36	665	3154923	3155624	3	6:3155588-3155624	6:3154923-3155624
6	43357002	43357125	ENST00000361428_1	123	-	43357002	43357125	0	1	123	0	ENST00000361428	123	-30.890893019216715	-27.295851505492344	1.3089105703648392	-18.665299383799233	-28.61884043159637	-26.528649637756764	0.7957134057188047	-9.41049998998642	123	857	43356145	43357125	1	6:43357002-43357125	6:43356145-43357125
6	109377767	109377899	ENST00000310786_1	132	-	109377767	109377899	0	1	132	0	ENST00000310786	132	-30.530249909921125	-23.16574250477733	0.44671211765274743	-23.018999814987183	-18.19319506787583	-17.66285763757034	0.07516442994658627	14.916000366210938	132	7300	109370467	109377899	3	6:109377767-109377899	6:109370467-109377899
6	143503897	143503912	ENST00000002165_1	15	-	143503897	143503912	0	1	15	0	ENST00000002165	15	-10.627400716145834	-10.627400716145834	0.46446666220823923		-25.975854344363952	-25.975854344363952	-0.10433461085253554	-8.365600073337555	15	1332	143502565	143503912	2	6:143503897-143503912	6:143502565-143503912
6	166329368	166329506	ENST00000361731_1	138	-	166329368	166329506	0	1	138	0	ENST00000361731	138	-19.98352175011583	-19.98352175011583	-0.6212898621747297	-8.23199987411499	-18.146738497500237	-16.53342077323071	-0.7932649389241193	8.604499876499176	138	1011	166328357	166329506	3	6:166329368-166329506	6:166328357-166329506
7	842130	842283	ENST00000401592_1	153	+	842130	842283	0	1	153	0	ENST00000401592	153	-16.24133323921877	-15.586738542306657	-0.459607842597453	-5.562399971485138	-23.25910772302976	-22.665832986838215	-0.6964668829648034	-6.358599853515625	153	922	842130	843205	1	7:842130-842283	7:842130-843205
7	4781754	4781895	ENST00000649063_1	141	+	4781754	4781895	0	1	141	0	ENST00000649063	141	-15.036702087743485	-9.478801455692196	-0.8317588681870318	-10.480800170451403	-7.581269635022485	-7.581269635022485	-0.4333141785448619	34.03319997787476	141	1862	4781312	4783315	1	7:4781754-4781895	7:4781312-4783315
7	23187146	23187200	ENST00000258742_1	54	+	23187146	23187200	0	1	54	0	ENST00000258742	54	-31.569833331637913	-29.622370455000137	1.1361851926410087	-29.460899543762206	-16.66663885659141	-16.331113247622508	0.1201836881132706	0.24899999797344208	54	8638	23187146	23195838	3	7:23187146-23187200	7:23187146-23195838
7	36399395	36399458	ENST00000265748_1	63	+	36399395	36399458	0	1	63	0	ENST00000265748	63	-33.62442864690508	-33.62442864690508	-0.5499206405532148	-22.773400044441225	-16.53823791480493	-16.53823791480493	0.038105950826168904	9.329999923706055	63	6724	36399393	36406180	3	7:36399395-36399458	7:36399393-36406180
7	56054503	56054545	ENST00000275603_1	42	+	56054503	56054545	0	1	42	0	ENST00000275603	42	-29.52178532736642	-21.91226145678333	0.10209523744526364	-26.702999782562255	-18.18953282722635	-17.878434395175752	0.15957524432860648	-0.4442499428987503	42	1078	56054503	56055623	2	7:56054503-56054545	7:56054503-56055623
7	116249272	116249350	ENST00000358204_1	78	+	116249272	116249350	0	1	78	0	ENST00000358204	78	-27.46288460951585	-26.448730572676048	0.1752307604138668	-20.30189995765686	-30.645988549275156	-29.8003132590614	0.3602437798550065	-6.7200000286102295	78	810	116249272	116250160	2	7:116249272-116249350	7:116249272-116250160
7	120953404	120953515	ENST00000315870_1	111	+	120953404	120953515	0	1	111	0	ENST00000315870	111	-38.26416201043774	-32.29739658413707	0.6770450465364365	-25.952899551391603	-21.788814666449326	-21.788814666449326	0.16893775804306205	6.053999900817871	111	2043	120953404	120955558	2	7:120953404-120953515	7:120953404-120955558
7	130116666	130116687	ENST00000335420_1	21	+	130116666	130116687	0	1	21	0	ENST00000335420	21	-12.384000097002302	-1.872952552068801	3.3411905268828073		-22.152108167501936	-22.152108167501936	0.1428351897643017	1.4420000314712524	21	4061	130116666	130120748	1	7:130116666-130116687	7:130116666-130120748
7	158871564	158871720	ENST00000407559_1	156	+	158871564	158871720	0	1	156	0	ENST00000407559	156	-9.572019332303451	-9.348974375293041	-0.5969312938200381	-3.223200035095215	-14.46429550916389	-14.46429550916389	-0.36464541482636964	9.734999656677246	156	4890	158871562	158876608	1	7:158871564-158871720	7:158871562-158876608
7	30498745	30498802	ENST00000275428_1	57	-	30498745	30498802	0	1	57	0	ENST00000275428	57	-27.46545586669654	-23.386578973970916	0.43368420923096046	-22.88809978167216	-21.65149146371978	-20.76652169139392	0.20344367742169497	4.931000232696533	57	3243	30497235	30500535	2	7:30498745-30498802	7:30497235-30500535
7	44427387	44427570	ENST00000355451_1	183	-	44427387	44427570	0	1	183	0	ENST00000355451	183	-13.066180371603028	-13.066180371603028	-0.2921366133616443	-8.738999891281129	-16.356193087258745	-16.156783669249556	-0.09556047170349073	5.084000110626221	183	22804	44404583	44427570	1	7:44427387-44427570	7:44404583-44427570
7	73737513	73737561	ENST00000222800_1	48	-	73737513	73737561	0	1	48	0	ENST00000222800	48	-17.513958252811182	-17.513958252811182	-0.1571458182685698	-13.306199959665538	-27.13526225529733	-25.264155521256026	0.071729511343187	-19.279899740219115	48	122	73737391	73737561	1	7:73737513-73737561	7:73737391-73737561
7	100435561	100435630	ENST00000292330_1	69	-	100435561	100435630	0	1	69	0	ENST00000292330	69	-34.91572508777397	-27.07691315982653	-0.3523188338385544	-19.17430032491684	-15.782142843518939	-15.782142843518939	1.3711071368306875		69	28	100435533	100435630	2	7:100435561-100435630	7:100435533-100435630
7	102474198	102474360	ENST00000292614_1	162	-	102474198	102474360	0	1	162	0	ENST00000292614	162	-30.27437663078308	-22.300370343305445	-0.787685181060231	-20.11969985961914	-24.817801217922543	-23.400076729839476	-0.8792898862211375	-13.754499971866608	162	514	102473684	102474360	1	7:102474198-102474360	7:102473684-102474360
7	141685299	141685476	ENST00000536163_1	177	-	141685299	141685476	0	1	177	0	ENST00000536163	177	-20.85327678800976	-20.85327678800976	-1.156141246516405	-2.444799852371216	-15.951041475665512	-15.951041475665512	-0.26389668420556556	7.3190001249313354	177	11080	141674220	141685477	1	7:141685299-141685476	7:141674220-141685477
7	143401164	143401323	ENST00000275815_1	159	-	143401164	143401323	0	1	159	0	ENST00000275815	159	-12.357484339168236	-12.357484339168236	-0.09787603158288258	-4.252199979623159	-20.13793943460108	-20.13793943460108	-0.4528190893513701	-1.972499942779541	159	1111	143400053	143401323	1	7:143401164-143401323	7:143400053-143401323
8	97686752	97686779	ENST00000336273_1	27	+	97686752	97686779	0	1	27	0	ENST00000336273	27	-7.455888509750366	-7.455888509750366	4.287851843569014		-23.055842826105597	-23.055842826105597	1.5376083574212018	-8.545499992370605	27	649	97686752	97687428	3	8:97686752-97686779	8:97686752-97687428
8	144510722	144510740	ENST00000301327_1	18	+	144510722	144510740	0	1	18	0	ENST00000301327	18	-41.60083293914795	-17.392888440026177	1.475888930261135		-30.629981022960735	-28.55347186214519	-0.18796226315481482	-26.653700160980225	18	53	144510722	144510793	3	8:144510722-144510740	8:144510722-144510793
8	30797526	30797580	ENST00000221138_1	54	-	30797526	30797580	0	1	54	0	ENST00000221138	54	-33.96881472622907	-28.122444477346207	0.24200001376232616	-24.498099613189698	-16.051021248470583	-16.051021248470583	-0.27215851340265196	0.9754000544548035	54	3245	30794281	30797580	1	8:30797526-30797580	8:30794281-30797580
8	73292142	73292238	ENST00000352983_1	96	-	73292142	73292238	0	1	96	0	ENST00000352983	96	-32.48731278985118	-22.385645613695186	-0.041947911464376375	-19.38879987746477	-23.55804747368755	-23.55804747368755	-0.682431371931635	-8.710400104522705	96	232	73291910	73292238	1	8:73292142-73292238	8:73291910-73292238
9	97641663	97641798	ENST00000375147_1	135	+	97641663	97641798	0	1	135	0	ENST00000375147	135	-17.522044340107175	-17.522044340107175	2.823274077968327	-7.93059992492199	-26.657165336839284	-26.657165336839284	0.4456353254318257	-9.10009993314743	135	1406	97641662	97643203	1	9:97641663-97641798	9:97641662-97643203
9	97998678	97998690	ENST00000339399_1	12	+	97998678	97998690	0	1	12	0	ENST00000339399	12	-6.409249782562256	-6.409249782562256	3.8878332873185477		-22.82786503789433	-22.82786503789433	0.5984253908625757	4.35099983215332	12	6273	97998678	98004963	1	9:97998678-97998690	9:97998678-98004963
9	99228000	99228255	ENST00000223641_1	255	+	99228000	99228255	0	1	255	0	ENST00000223641	255	-24.756682345446418	-23.892325518150177	0.20763136982625607	-9.47280011177063	-21.79406995100167	-21.334496076664397	0.13152858480818339	1.0889999866485596	255	2081	99228000	99230336	1	9:99228000-99228255	9:99228000-99230336
9	121699460	121699661	ENST00000408936_1	201	+	121699460	121699661	0	1	201	0	ENST00000408936	201	-13.697409101282105	-6.2808934944837835	1.8140447854495316	-3.0604000329971313	-24.27462493415291	-24.27462493415291	0.1764967427356556	6.918000221252441	201	57353	121699458	121757012	3	9:121699460-121699661	9:121699458-121757012
9	128692000	128692033	ENST00000322030_1	33	+	128692000	128692033	0	1	33	0	ENST00000322030	33	-26.876545559276234	-10.067575772603353	0.9426296414048584	-27.94050016403198	-15.309298033614715	-14.560434963401809	-0.32253092895698	2.7525001019239426	33	628	128692000	128692661	2	9:128692000-128692033	9:128692000-128692661
9	129085109	129085133	ENST00000372546_1	24	+	129085109	129085133	0	1	24	0	ENST00000372546	24	-35.938125252723694	-32.818083633979164	-0.22300000942777842		-16.934342981824553	-16.934342981824553	1.0657560526717291	25.65499963760376	24	414	129084768	129085206	3	9:129085109-129085133	9:129084768-129085206
9	135501973	135501994	ENST00000241600_1	21	+	135501973	135501994	0	1	21	0	ENST00000241600	21	-16.786857639040267	-5.902142933436802	0.04661900337253298		-17.527490192854064	-15.538336806989422	-1.1364663213061217	-1.1484999641776086	21	1547	135501973	135503541	2	9:135501973-135501994	9:135501973-135503541
9	137212599	137212890	ENST00000684003_1	291	+	137212599	137212890	0	1	291	0	ENST00000684003	291	-14.269999952660394	-14.269999952660394	-0.5982437258749853	0.498800003528595	-15.123591570361905	-14.776484329877906	-0.9125134488586772	-1.8340000841352675	291	889	137212599	137213779	1	9:137212599-137212890	9:137212599-137213779
9	19378665	19378707	ENST00000380394_1	42	-	19378665	19378707	0	1	42	0	ENST00000380394	42	-34.43938073657808	-25.148476010277157	0.41411905186916037	-33.33649962743123	-29.677357394174233	-25.31829141406034	-0.1217388097099515	-17.015499806404115	42	151	19378514	19378707	1	9:19378665-19378707	9:19378514-19378707
9	33261041	33261086	ENST00000634734_1	45	-	33261041	33261086	0	1	45	0	ENST00000634734	45	-26.482599941889443	-20.62713352839152	1.7155999935335584	-27.066600060462953	-21.938858174545956	-21.938858174545956	0.19817224914941575	1.859333250257704	45	2008	33259033	33261086	3	9:33261041-33261086	9:33259033-33261086
9	110250660	110250819	ENST00000374517_1	159	-	110250660	110250819	0	1	159	0	ENST00000374517	159	-29.24580518817002	-28.887937063597285	0.02512578946339119	-17.808199721574784	-19.532792379008008	-19.07189120434108	-0.20551939267526637	5.986999988555908	159	6355	110244843	110251357	1	9:110250660-110250819	9:110244843-110251357
9	132662143	132662260	ENST00000372159_1	117	-	132662143	132662260	0	1	117	0	ENST00000372159	117	-28.34752144772782	-22.480461596423744	0.021615396960216582	-13.7489999294281	-28.65053230466686	-28.65053230466686	-0.5538407799872898	-9.793800377845765	117	892	132661251	132662260	2	9:132662143-132662260	9:132661251-132662260
9	137587602	137587716	ENST00000298585_1	114	-	137587602	137587716	0	1	114	0	ENST00000298585	114	-30.032036072767532	-29.76407894335295	-0.22320175824458138	-18.087000105116104	-22.982799518449664	-22.982799518449664	-0.8249736842548527	-12.044250071048737	114	495	137587107	137587716	1	9:137587602-137587716	9:137587107-137587716
X	16820255	16820279	ENST00000380122_1	24	+	16820255	16820279	0	1	24	0	ENST00000380122	24	-23.878625243902206	-16.100666757673025	3.1364166710118297		-16.266140240004848	-16.266140240004848	-0.06187562645894243	4.161499917507172	24	7814	16820255	16828093	3	X:16820255-16820279	X:16820255-16828093
X	23783885	23784044	ENST00000379270_1	159	+	23783885	23784044	0	1	159	0	ENST00000379270	159	-16.95409441401936	-16.95409441401936	1.6829857092367353	-3.1292998790740967	-14.846887602863388	-14.846887602863388	3.4443358560342494	20.18519983291626	159	1459	23783709	23785327	3	X:23783885-23784044	X:23783709-23785327
X	24057548	24057632	ENST00000253039_1	84	+	24057548	24057632	0	1	84	0	ENST00000253039	84	-27.292428612709045	-23.776309374542464	0.9008928433149344	-21.401900339126588					84	0	24057548	24057632	3	X:24057548-24057632	X:24057548-24057632
X	71538072	71538108	ENST00000373719_1	36	+	71538072	71538108	0	1	36	0	ENST00000373719	36	-26.300000429153442	-17.26722198062473	2.817222240691384	-22.623000621795654	-21.36443687087541	-21.17012042407636	0.7586166817765166	7.206999778747559	36	6458	71538072	71544566	1	X:71538072-71538108	X:71538072-71544566
X	154380021	154380096	ENST00000369842_1	75	+	154380021	154380096	0	1	75	0	ENST00000369842	75	-13.83975980758667	-13.83975980758667	0.43933332214752835	-6.823599743843078	-25.125503737291844	-20.536568540892155	0.22806474638653906	-17.847100043296813	75	139	154380019	154380233	1	X:154380021-154380096	X:154380019-154380233
X	9759298	9759331	ENST00000467482_1	33	-	9759298	9759331	0	1	33	0	ENST00000467482	33	-18.985545331781562	-18.985545331781562	0.050151534900633676	-14.88739995956421	-10.657119394785726	-10.46318337222045	-0.4052412096360044	5.993000030517578	33	10632	9748666	9759331	2	X:9759298-9759331	X:9748666-9759331
X	78137946	78137961	ENST00000341864_1	15	-	78137946	78137961	0	1	15	0	ENST00000341864	15	-7.529333225886027	-7.529333225886027	3.867333330710729		-22.82334936422015	-22.82334936422015	1.95538095591612	-20.81353352069855	15	63	78137883	78137961	1	X:78137946-78137961	X:78137883-78137961
X	154791666	154791768	ENST00000369534_1	102	-	154791666	154791768	0	1	102	0	ENST00000369534	102	-24.723656793435413	-22.302833390002156	-0.002931376645231948	-19.936766785383224	-24.73966388185088	-23.07600838365812	-0.34289859962678954	-5.791100153326989	102	598	154791068	154791768	1	X:154791666-154791768	X:154791068-154791768
1	19257145	19257310	ENST00000330263_1	165	+	19257145	19257310	0	1	165	0	ENST00000330263	165	-25.966454315185548	-18.714957453626575	-0.7911454573781653	-15.691499996185303	-27.887356402521785	-23.124692360004346	-0.4808391547701615	-15.889599774032831	165	143	19257145	19257453	2	1:19257145-19257310	1:19257145-19257453
1	32224475	32224502	ENST00000677711_1	27	+	32224475	32224502	0	1	27	0	ENST00000677711	27	-34.2927773648666	-24.768444997292978	1.4000000261736136		-14.00761347164314	-12.657868627225145	-0.498267339107015	3.315000057220459	27	1668	32224475	32226170	3	1:32224475-32224502	1:32224475-32226170
1	44777789	44777810	ENST00000396651_1	21	+	44777789	44777810	0	1	21	0	ENST00000396651	21	-30.82957104274205	-30.82957104274205	0.5003809233506521		-23.688460425725058	-20.94070363121856	1.3428889031167186	-5.698599994182587	21	189	44777789	44777999	3	1:44777789-44777810	1:44777789-44777999
1	108696338	108696416	ENST00000370025_1	78	+	108696338	108696416	0	1	78	0	ENST00000370025	78	-23.62623097575628	-23.055833516976772	2.635217964888001	-13.264500278234483	-19.038831379114352	-18.00928820796634	2.2348628870123326	7.412499958276749	78	2188	108696337	108698603	3	1:108696338-108696416	1:108696337-108698603
1	108756766	108756787	ENST00000370008_1	21	+	108756766	108756787	0	1	21	0	ENST00000370008	21	-14.71885677746364	-14.71885677746364	2.8123809633155665		-23.142887857316524	-22.93866368519057	0.25191173022854957	1.1440000534057617	21	1722	108756766	108758509	2	1:108756766-108756787	1:108756766-108758509
1	145623160	145623202	ENST00000313835_1	42	+	145623160	145623202	0	1	42	0	ENST00000313835	42	-22.439999799643243	-22.439999799643243	1.4567619023312415	-24.856499764323235	-25.61371205199347	-23.221766109982923	0.313653659149039	-4.674333214759827	42	410	145623160	145623612	2	1:145623160-145623202	1:145623160-145623612
1	149463828	149464014	ENST00000650865_1	186	+	149463828	149464014	0	1	186	0	ENST00000650865	186	-15.243645207055154	-15.243645207055154	1.531618281675663	-3.901500070095062	-12.211687284521759	-12.211687284521759	3.144828124830383	-7.414899784326553	186	64	149463826	149464076	1	1:149463828-149464014	1:149463826-149464076
1	151227400	151227505	ENST00000368888_1	105	+	151227400	151227505	0	1	105	0	ENST00000368888	105	-19.737800129822322	-19.737800129822322	0.3656857154564932	-4.737399941682815	-16.16538108796254	-15.906472452708783	-0.22618672358023684	5.315000057220459	105	4165	151227400	151231670	2	1:151227400-151227505	1:151227400-151231670
1	160750425	160750479	ENST00000368043_1	54	+	160750425	160750479	0	1	54	0	ENST00000368043	54	-36.26466647783915	-31.971648021980567	0.08027778331328321	-31.391599893569946	-30.4407311265573	-29.92311797876248	0.02080859714625096	-3.5608001321554186	54	1708	160750423	160752185	1	1:160750425-160750479	1:160750423-160752185
1	165896332	165896377	ENST00000367879_1	45	+	165896332	165896377	0	1	45	0	ENST00000367879	45	-34.83559980392456	-12.290022161271837	-0.16637777934471767	-32.598599672317505	-23.451834299476396	-22.80653888297354	-0.5953809942713492	2.759000062942505	45	6804	165896332	165903181	2	1:165896332-165896377	1:165896332-165903181
1	168191500	168191521	ENST00000367833_1	21	+	168191500	168191521	0	1	21	0	ENST00000367833	21	-17.19428597177778	-15.853809782436915	3.1768571276749884		-18.540865708406198	-18.2251137545608	-0.31902279553840807	4.452000141143799	21	686	168191500	168192207	2	1:168191500-168191521	1:168191500-168192207
1	207759724	207759892	ENST00000367042_1	168	+	207759724	207759892	0	1	168	0	ENST00000367042	168	-29.152285656758718	-29.152285656758718	-2.2935416662027515	-9.955399513244629	-22.493018137201307	-21.87146027758905	-1.3544173184907848	6.26200008392334	168	1356	207759724	207761248	2	1:207759724-207759892	1:207759724-207761248
1	3783930	3783993	ENST00000378251_1	63	-	3783930	3783993	0	1	63	0	ENST00000378251	63	-20.34104751405262	-8.696158710926298	-1.4276349214866522	-13.789300072193146	-10.82558671093625	-9.646557184960349	-0.43432902682881036	-1.5180000066757202	63	1169	3782763	3783995	1	1:3783930-3783993	1:3782763-3783995
1	23971792	23971849	ENST00000492112_1	57	-	23971792	23971849	0	1	57	0	ENST00000492112	57	-18.651578882284333	-18.651578882284333	1.2117192943216906	-9.909399962425232	-22.547928975178646	-21.592147924490934	2.331094679039677	-10.492633152008057	57	169	23971623	23971849	2	1:23971792-23971849	1:23971623-23971849
1	28210537	28210570	ENST00000263697_1	33	-	28210537	28210570	0	1	33	0	ENST00000263697	33	-17.58678783792438	-11.785242398579916	3.404000006503228	-14.476899981498718	-21.11907429768528	-16.495065781341236	2.529673032458395	-5.665300107002258	33	471	28210066	28210570	2	1:28210537-28210570	1:28210066-28210570
1	29154656	29154695	ENST00000373795_1	39	-	29154656	29154695	0	1	39	0	ENST00000373795	39	-24.215307608628883	-24.215307608628883	-0.22707690417957613	-19.393866642316183	-13.548440892074124	-13.548440892074124	-0.2672318587626584	4.535999774932861	39	4464	29150192	29154695	3	1:29154656-29154695	1:29150192-29154695
1	35609143	35609245	ENST00000373237_1	102	-	35609143	35609245	0	1	102	0	ENST00000373237	102	-25.073489991181038	-21.95667651120354	0.818990189486238	-18.89509981572628	-19.042517789155067	-19.042517789155067	0.6466319612748098	2.490000009536743	102	3861	35605282	35609245	2	1:35609143-35609245	1:35605282-35609245
1	36137732	36137795	ENST00000373166_1	63	-	36137732	36137795	0	1	63	0	ENST00000373166	63	-25.377460731400383	-20.206380957648868	1.0235555477270355	-18.307600295543672	-30.018356038593666	-28.434842796231955	0.227182925879819	-12.153700092434883	63	410	36137322	36137795	3	1:36137732-36137795	1:36137322-36137795
1	46696511	46696550	ENST00000371933_1	39	-	46696511	46696550	0	1	39	0	ENST00000371933	39	-20.42093570770756	-20.42093570770756	0.8097948567129862	-20.848200225830077	-25.739719852539768	-24.121065505384983	0.42203782748503477	-1.408833424250285	39	4574	46691937	46696550	3	1:46696511-46696550	1:46691937-46696550
1	52907786	52907867	ENST00000371522_1	81	-	52907786	52907867	0	1	81	0	ENST00000371522	81	-19.964012268884684	-19.45240738767165	0.2525925934429706	-11.228200006484986	-23.43844570932124	-23.43844570932124	0.09008254711833019	28.75399959087372	81	2696	52905090	52907867	3	1:52907786-52907867	1:52905090-52907867
1	94533074	94533089	ENST00000334047_1	15	-	94533074	94533089	0	1	15	0	ENST00000334047	15	-24.168799622853598	-22.440199851989746	2.050600003699462		-29.05388219715394	-26.686681820274103	-0.002890573966008006	-9.31289990246296	15	594	94532480	94533089	3	1:94533074-94533089	1:94532480-94533089
1	94902102	94902120	ENST00000370206_1	18	-	94902102	94902120	0	1	18	0	ENST00000370206	18	-33.55466604232788	-24.424833834171295	1.8911666870117188		-30.702646540871555	-28.38054895175368	0.1186611836953824	-13.904100060462952	18	317	94901785	94902120	1	1:94902102-94902120	1:94901785-94902120
1	145994916	145994928	ENST00000582401_1	12	-	145994916	145994928	0	1	12	0	ENST00000582401	12	-22.216749906539917	-11.801666736602783	2.275666683912277		-33.532827307438026	-32.03999996904669	-0.29143103107745794	-25.051000118255615	12	116	145994800	145994928	1	1:145994916-145994928	1:145994800-145994928
1	148607221	148607407	ENST00000593495_1	186	-	148607221	148607407	0	1	186	0	ENST00000593495	186	-23.984774258188022	-15.364612835789881	0.9173709709918306	-12.878700137138367	-14.177984659792855	-12.383093726588413	2.9792812705854885	-5.688100018600623	186	64	148607159	148607409	2	1:148607221-148607407	1:148607159-148607409
1	169468594	169468642	ENST00000236137_1	48	-	169468594	169468642	0	1	48	0	ENST00000236137	48	-26.755250034232933	-26.755250034232933	1.1783541782642715	-22.898299944400787	-34.04300002280612	-28.03553229885943	0.2597470219403649	-15.702875047922134	48	343	169468252	169468643	2	1:169468594-169468642	1:169468252-169468643
1	211671174	211671201	ENST00000366999_1	27	-	211671174	211671201	0	1	27	0	ENST00000366999	27	-21.9148887263404	-20.756481382581924	0.8562963361403456		-23.73031812267089	-23.73031812267089	-0.3256050784322098	-10.391300106048584	27	767	211670407	211671201	1	1:211671174-211671201	1:211670407-211671201
1	212385054	212385273	ENST00000261455_1	219	-	212385054	212385273	0	1	219	0	ENST00000261455	219	-23.849643716256914	-22.033885842588937	-0.7886803611713253	-8.786000061035157	-18.705513966482403	-17.972608390095697	-0.6697529511486238	11.995499849319458	219	5017	212380037	212385273	1	1:212385054-212385273	1:212380037-212385273
1	213006980	213007127	ENST00000366962_1	147	-	213006980	213007127	0	1	147	0	ENST00000366962	147	-7.368283485568415	-5.197162803753402	0.462306121912259	-1.6288571400301797	-21.642197713037255	-20.62243669337354	-0.1459161115155497	4.447000026702881	147	1527	213005454	213007128	3	1:213006980-213007127	1:213005454-213007128
1	227733299	227733413	ENST00000620518_1	114	-	227733299	227733413	0	1	114	0	ENST00000620518	114	-21.832517435676174	-21.832517435676174	-0.6615599933359771	-15.590433176358541	-20.69384927543647	-19.14558824370889	-0.6830982933229862	-10.532199883460999	114	272	227733027	227733413	3	1:227733299-227733413	1:227733027-227733413
10	28583505	28583592	ENST00000354911_1	87	+	28583505	28583592	0	1	87	0	ENST00000354911	87	-30.538724151150934	-28.73426194843792	0.6154137829254414	-22.497200107574464	-23.044229589895746	-22.748766237351138	-0.082827249753032	1.5811250442638993	87	6143	28583505	28589735	1	10:28583505-28583592	10:28583505-28589735
10	97578605	97578698	ENST00000370655_1	93	+	97578605	97578698	0	1	93	0	ENST00000370655	93	-22.07935480749415	-21.558527044070665	0.09684946645371696	-19.055700130015612	-18.322285266001582	-18.322285266001582	-0.2657734510290269	0.5486665566762289	93	2156	97578605	97580854	3	10:97578605-97578698	10:97578605-97580854
10	100354632	100354722	ENST00000370355_1	90	+	100354632	100354722	0	1	90	0	ENST00000370355	90	-36.34329972267151	-31.681033478842842	-0.875755549242927	-20.310000133514404	-22.908890945611322	-22.908890945611322	-0.733957754369044	-0.6019999980926514	90	1809	100354632	100356531	1	10:100354632-100354722	10:100354632-100356531
10	101479457	101479517	ENST00000370187_1	60	+	101479457	101479517	0	1	60	0	ENST00000370187	60	-29.78274986743927	-25.485366296768188	0.9213000023116668	-29.407899618148804	-19.642601796685817	-19.642601796685817	1.015173343206629	9.358999967575073	60	42121	101479457	101521638	3	10:101479457-101479517	10:101479457-101521638
10	88572807	88572900	ENST00000331772_1	93	-	88572807	88572900	0	1	93	0	ENST00000331772	93	-34.84387082822861	-28.503548360640004	0.17432257575133153	-14.596700060367585	-22.582000319416608	-22.582000319416608	0.3788920182160004	13.840999603271484	93	210084	88362725	88572902	1	10:88572807-88572900	10:88362725-88572902
10	90918783	90918864	ENST00000371697_1	81	-	90918783	90918864	0	1	81	0	ENST00000371697	81	-30.221444481684838	-24.725605099289506	1.663938253911005	-13.113599979877472	-30.250568706819795	-28.405304362178473	0.7029086060353874	-13.328899848461152	81	953	90917830	90918864	1	10:90918783-90918864	10:90917830-90918864
10	101809955	101810183	ENST00000361464_1	228	-	101809955	101810183	0	1	228	0	ENST00000361464	228	-15.615138053752126	-15.615138053752126	0.3509086727581442	-2.3392000675201414	-17.127964570669736	-15.865663570999537	-0.3174071495015222	8.70300006866455	228	2054	101807901	101810183	3	10:101809955-101810183	10:101807901-101810183
10	119858832	119858883	ENST00000369077_1	51	-	119858832	119858883	0	1	51	0	ENST00000369077	51	-20.215333420856325	-20.215333420856325	1.4658823489558463	-18.40699991583824	-22.445164398781618	-20.82469925978632	0.1361098347022148	-5.771400207281113	51	1393	119857439	119858883	1	10:119858832-119858883	10:119857439-119858883
11	244216	244264	ENST00000532097_1	48	+	244216	244264	0	1	48	0	ENST00000532097	48	-19.955750077962875	-19.955750077962875	0.8335625103500206	-18.422600078582764	-23.252913122036443	-21.132490729137977	0.0017329196804289862	-12.816400083899499	48	161	244216	244425	2	11:244216-244264	11:244216-244425
11	1952855	1953065	ENST00000397298_1	210	+	1952855	1953065	0	1	210	0	ENST00000397298	210	-15.689428601680058	-15.689428601680058	-0.4886904808116101	-2.084999934956431	-13.72315203543982	-12.77652610113494	-0.5470070668883831	19.315000534057617	210	9173	1952855	1962238	3	11:1952855-1953065	11:1952855-1962238
11	17368964	17369204	ENST00000338965_1	240	+	17368964	17369204	0	1	240	0	ENST00000338965	240	-18.28481823476878	-13.932514749121566	-0.10730434759600979	-8.928555422359043	-19.225099502847744	-19.225099502847744	0.1370992526417912	2.940999984741211	240	2801	17368964	17372005	3	11:17368964-17369204	11:17368964-17372005
11	47137730	47137811	ENST00000278460_1	81	+	47137730	47137811	0	1	81	0	ENST00000278460	81	-31.61181453422264	-29.86003730620867	0.07458824226427276	-24.198099899291993	-17.99087138609963	-17.19998800178706	-0.16089883016167775	8.902999818325043	81	17365	47137729	47155175	3	11:47137730-47137811	11:47137729-47155175
11	47232959	47232995	ENST00000256996_1	36	+	47232959	47232995	0	1	36	0	ENST00000256996	36	-12.293333147962889	-12.293333147962889	1.930249999742955	-9.343099898099899	-21.252529916848857	-21.252529916848857	0.11321797990398288	-1.1591000258922577	36	1577	47232959	47234572	3	11:47232959-47232995	11:47232959-47234572
11	57738430	57738484	ENST00000278422_1	54	+	57738430	57738484	0	1	54	0	ENST00000278422	54	-23.797944333818222	-18.359611032185732	0.751499999831948	-24.43270010948181	-24.270625677188683	-24.270625677188683	0.18237058743766016	-8.080699801445007	54	179	57738430	57738663	2	11:57738430-57738484	11:57738430-57738663
11	66599636	66599663	ENST00000533244_1	27	+	66599636	66599663	0	1	27	0	ENST00000533244	27	-30.195888307359482	-19.297667234032243	0.4465185280380495		-19.26864120313002	-17.64995406397724	-0.14682651618502152	1.1858000040054322	27	825	66599636	66600488	3	11:66599636-66599663	11:66599636-66600488
11	67490214	67490232	ENST00000279146_1	18	+	67490214	67490232	0	1	18	0	ENST00000279146	18	-16.322999795277912	-16.322999795277912	0.0774999958359533		-22.80837484630756	-22.80837484630756	-0.7928433620696327	-17.199999682977797	18	83	67490214	67490315	1	11:67490214-67490232	11:67490214-67490315
11	67609635	67609836	ENST00000322776_1	201	+	67609635	67609836	0	1	201	0	ENST00000322776	201	-28.577567182370085	-22.564004812074536	-0.48677500622405206	-11.842300301790237	-10.121434505309676	-9.30628018953023	-0.6833848982844004	1.0647499859333038	201	544	67609635	67610380	1	11:67609635-67609836	11:67609635-67610380
11	102186133	102186247	ENST00000282441_1	114	+	102186133	102186247	0	1	114	0	ENST00000282441	114	-29.73572986834758	-19.45006114244461	2.141385968223116	-20.271600079536437	-21.222708411162234	-21.2147320989644	0.14485431531312806	4.326000213623047	114	19647	102186131	102205892	2	11:102186133-102186247	11:102186131-102205892
11	111688162	111688324	ENST00000304987_1	162	+	111688162	111688324	0	1	162	0	ENST00000304987	162	-27.095259074811583	-23.399598813829886	0.13645061871459432	-14.545100033283234	-22.952714917343375	-22.666891708406723	0.22158336788320518	4.981333255767822	162	12561	111688162	111700885	2	11:111688162-111688324	11:111688162-111700885
11	18570093	18570213	ENST00000396197_1	120	-	18570093	18570213	0	1	120	0	ENST00000396197	120	-25.43155019879341	-25.43155019879341	1.5235333236167208	-17.43829998970032	-17.257920345606788	-16.579279569137054	0.3216206396284048	9.626999855041504	120	3611	18566482	18570213	1	11:18570093-18570213	11:18566482-18570213
11	36276989	36277088	ENST00000263401_1	99	-	36276989	36277088	0	1	99	0	ENST00000263401	99	-29.85047467910882	-20.418727247326665	0.0323737400085336	-24.737000024318696	-26.28394263703749	-26.28394263703749	-0.4161495359636873	-8.260300254821777	99	749	36276240	36277088	3	11:36276989-36277088	11:36276240-36277088
11	47839825	47839840	ENST00000378460_1	15	-	47839825	47839840	0	1	15	0	ENST00000378460	15	-24.56713342666626	-15.557133388519286	1.3733333326876163		-22.10183891157781	-21.37646262419929	-0.08234573467686382	-1.535222323404418	15	2204	47837623	47839842	2	11:47839825-47839840	11:47837623-47839842
11	61329275	61329362	ENST00000301764_1	87	-	61329275	61329362	0	1	87	0	ENST00000301764	87	-35.62639067775902	-28.60782771137939	0.27043679625266925	-19.102299630641937	-21.15920193211698	-20.553308789238084	0.24760456182266602	-0.7645998597145081	87	2382	61326893	61329362	3	11:61329275-61329362	11:61326893-61329362
11	65661500	65661686	ENST00000406246_1	186	-	65661500	65661686	0	1	186	0	ENST00000406246	186	-24.60860745656875	-23.77188717934393	-0.060387098420691745	-13.540700024366378	-19.865530606214616	-19.865530606214616	-0.293247461909498	-1.4309999883174895	186	1285	65660215	65661686	3	11:65661500-65661686	11:65660215-65661686
11	68896460	68896514	ENST00000362034_1	54	-	68896460	68896514	0	1	54	0	ENST00000362034	54	-24.347925916314125	-24.347925916314125	-0.5955555603184082	-19.07700007259846	-13.376912602812165	-13.376912602812165	-0.8471767808031715	6.455000102519989	54	3005	68893455	68896514	3	11:68896460-68896514	11:68893455-68896514
11	90213975	90214017	ENST00000320585_1	42	-	90213975	90214017	0	1	42	0	ENST00000320585	42	-31.52507153579167	-28.942785626366025	0.7219523752906493	-27.97520034313202	-22.647289633274426	-22.58990871037865	0.15922058289798383	-1.0010000467300415	42	2657	90211318	90214017	1	11:90213975-90214017	11:90211318-90214017
11	130909930	130910017	ENST00000265909_1	87	-	130909930	130910017	0	1	87	0	ENST00000265909	87	-21.32132194371059	-21.32132194371059	0.09006896651960139	-16.044433255990345	-26.353356238902563	-26.353356238902563	-0.015458581326305	-6.238099867850542	87	1847	130908083	130910017	2	11:130909930-130910017	11:130908083-130910017
12	6869390	6869486	ENST00000396705_1	96	+	6869390	6869486	0	1	96	0	ENST00000396705	96	-25.631531164050102	-23.000697722037632	0.7288437472501149	-15.390000104904175	-25.615000163941687	-23.966980004191992	0.14099494921222253	-5.993800042569637	96	201	6869390	6869687	3	12:6869390-6869486	12:6869390-6869687
12	15890669	15890684	ENST00000419869_1	15	+	15890669	15890684	0	1	15	0	ENST00000419869	15	-21.01659984588623	-21.01659984588623	1.63346669425567		-18.8843841774443	-17.530079793474314	-0.04702375882334084	4.786333322525024	15	3362	15890669	15894046	3	12:15890669-15890684	12:15890669-15894046
12	22661205	22661217	ENST00000266517_1	12	+	22661205	22661217	0	1	12	0	ENST00000266517	12	-7.809750020503998	-7.286416431268056	6.0112499333918095		-24.40508480174432	-24.08424657094347	1.1210220362441345	9.73079980611801	12	10054	22661205	22671271	1	12:22661205-22661217	12:22661205-22671271
12	50086878	50086986	ENST00000394963_1	108	+	50086878	50086986	0	1	108	0	ENST00000394963	108	-16.744861082173884	-14.651194380527294	2.330444425103013	-10.958400058746339	-18.833449545851412	-18.833449545851412	1.5480239379536758	-6.842300081253052	108	376	50086878	50087362	1	12:50086878-50086986	12:50086878-50087362
12	53503808	53503910	ENST00000266987_1	102	+	53503808	53503910	0	1	102	0	ENST00000266987	102	-20.173441108535318	-20.173441108535318	1.2799509877485096	-11.561400008201598	-26.21953084586579	-23.040098822671812	0.5122674885764047	-12.37529993057251	102	486	53503808	53504396	3	12:53503808-53503910	12:53503808-53504396
12	101716812	101716830	ENST00000229266_1	18	+	101716812	101716830	0	1	18	0	ENST00000229266	18	-17.80466636021932	-17.80466636021932	2.608611115202722		-18.76474498849459	-18.248411153161957	0.5961794077187134	0.9439999858538309	18	3292	101716812	101720122	1	12:101716812-101716830	12:101716812-101720122
12	122976970	122976988	ENST00000228922_1	18	+	122976970	122976988	0	1	18	0	ENST00000228922	18	-27.329166889190674	-11.529055813948313	1.6725555575556226		-16.343586045496924	-16.343586045496924	-0.34752246033107126	-0.5604000240564346	18	1453	122976970	122978441	2	12:122976970-122976988	12:122976970-122978441
12	131939277	131939385	ENST00000376649_1	108	+	131939277	131939385	0	1	108	0	ENST00000376649	108	-16.266999979813892	-16.266999979813892	-1.2632830269329407	-4.404999899864197	-10.72843830566457	-10.72843830566457	-0.7544250545230186	2.809999942779541	108	1908	131939275	131941291	1	12:131939277-131939385	12:131939275-131941291
12	10607730	10607853	ENST00000320756_1	123	-	10607730	10607853	0	1	123	0	ENST00000320756	123	-26.42095108730037	-25.612528384095285	0.5943333329254292	-18.219299507141113	-27.212919984261195	-26.690245363553636	0.15880899676544163	-5.072199726104737	123	1356	10606374	10607853	1	12:10607730-10607853	12:10606374-10607853
12	48924144	48924222	ENST00000550765_1	78	-	48924144	48924222	0	1	78	0	ENST00000550765	78	-15.79334619641304	-15.79334619641304	1.1458589632589467	-6.9041998267173765	-17.662795786417693	-17.662795786417693	0.4284882055705641	24.9951003074646	78	35668	48903908	48939654	1	12:48924144-48924222	12:48903908-48939654
12	56671724	56671748	ENST00000262033_1	24	-	56671724	56671748	0	1	24	0	ENST00000262033	24	-28.653833587964375	-28.653833587964375	1.355625011647741		-23.2783841776657	-20.631953166238045	-0.19400588273736716	-5.541142761707306	24	1360	56670364	56671748	3	12:56671724-56671748	12:56670364-56671748
12	63661304	63661343	ENST00000324472_1	39	-	63661304	63661343	0	1	39	0	ENST00000324472	39	-26.219461771158073	-16.50069214747502	0.44561539074549306	-26.631067005793252	-10.9497030190748	-10.9497030190748	-0.39783613736940826	2.6089999675750732	39	13939	63647365	63661343	3	12:63661304-63661343	12:63647365-63661343
12	99806376	99806403	ENST00000683438_1	27	-	99806376	99806403	0	1	27	0	ENST00000683438	27	-18.340666863653396	-16.950814759289777	1.141888868615583		-16.12379681410838	-16.12379681410838	0.09462105019067103	7.808000087738037	27	24279	99782097	99806403	1	12:99806376-99806403	12:99782097-99806403
12	118042757	118042838	ENST00000315436_1	81	-	118042757	118042838	0	1	81	0	ENST00000315436	81	-28.4994444552763	-28.4994444552763	-0.40751249018358066	-17.99959990978241	-16.26072066269056	-15.68873468165055	-0.17424340665227947	4.159999847412109	81	4371	118038388	118042840	3	12:118042757-118042838	12:118038388-118042840
13	79539775	79539835	ENST00000218652_1	60	+	79539775	79539835	0	1	60	0	ENST00000218652	60	-37.13095034360886	-24.056166835625966	0.45321666686795653	-30.284400486946105	-25.994922897318073	-25.858482222058136	0.285281374808954	0.37700000405311584	60	3722	79539775	79543557	2	13:79539775-79539835	13:79539775-79543557
13	114286400	114286511	ENST00000375299_1	111	+	114286400	114286511	0	1	111	0	ENST00000375299	111	-33.56486519124057	-30.983035878018217	-0.12975675557312127	-15.646000069379806	-19.108357521232637	-18.43614010539449	0.02621627166332021	7.848999977111816	111	3464	114282943	114286518	3	13:114286400-114286511	13:114282943-114286518
13	95234588	95234609	ENST00000645237_1	21	-	95234588	95234609	0	1	21	0	ENST00000645237	21	-13.822285901932489	-12.15100019318717	-1.3932856942216556		-18.569323420797478	-17.678622882963918	-0.6501590746903375	12.435999870300293	21	36172	95210781	95246974	3	13:95234588-95234609	13:95210781-95246974
13	110892806	110893025	ENST00000267339_1	219	-	110892806	110893025	0	1	219	0	ENST00000267339	219	-24.189666595463066	-20.67736993913781	0.03419634220658134	-13.824100053310394	-18.461063933455613	-18.246615915127812	-0.5974792486532635	5.525000095367432	219	9015	110883793	110893027	3	13:110892806-110893025	13:110883793-110893027
14	74889147	74889213	ENST00000334220_1	66	+	74889147	74889213	0	1	66	0	ENST00000334220	66	-22.599409222264182	-16.29806049111666	1.735560603074687	-13.502000092715026	-24.244476114000594	-24.244476114000594	1.2065079316112495	-23.403400230407716	66	63	74889147	74889276	1	14:74889147-74889213	14:74889147-74889276
14	22976380	22976455	ENST00000262713_1	75	-	22976380	22976455	0	1	75	0	ENST00000262713	75	-29.0352082596057	-25.94337668971739	0.3388400008932998	-20.80255545510186	-17.51999241774957	-16.2216728830006	-0.0755067629856891	7.229000091552734	75	1276	22975104	22976455	2	14:22976380-22976455	14:22975104-22976455
14	50294102	50294114	ENST00000267436_1	12	-	50294102	50294114	0	1	12	0	ENST00000267436	12	-17.75349997729063	-11.261249879995981	2.9151666682640403		-15.361976748035731	-15.336355810363637	0.04452320669818415	16.81999969482422	12	10069	50284033	50294114	3	14:50294102-50294114	14:50284033-50294114
14	59475793	59475868	ENST00000247194_1	75	-	59475793	59475868	0	1	75	0	ENST00000247194	75	-36.63481334686279	-28.68872010231018	-0.001680007476049165	-18.743899631500245	-21.299084603379683	-20.823526486429085	0.09669313628955681	2.1549999713897705	75	2703	59473090	59475868	2	14:59475793-59475868	14:59473090-59475868
15	41351131	41351182	ENST00000559596_1	51	+	41351131	41351182	0	1	51	0	ENST00000559596	51	-26.56711774713853	-20.793078510200274	0.3139215629073043	-25.439800214767455	-11.124789877196388	-10.93167376744258	-0.36677815231217326	9.715999603271484	51	4858	41351129	41356038	2	15:41351131-41351182	15:41351129-41356038
15	48336090	48336147	ENST00000331200_1	57	+	48336090	48336147	0	1	57	0	ENST00000331200	57	-33.98978908438431	-25.46712292181818	1.283789483405519	-28.89989972114563	-24.068040934793842	-24.027802125324587	0.1738028041868126	-1.1597500890493393	57	5141	48336090	48341288	1	15:48336090-48336147	15:48336090-48341288
15	58913444	58913498	ENST00000380516_1	54	-	58913444	58913498	0	1	54	0	ENST00000380516	54	-14.205407548833776	-8.698777851131227	2.89307548091659	-11.367900228500366	-27.979900340996327	-24.41344600475708	1.0639772722468184	-8.437199835479259	54	834	58912610	58913498	3	15:58913444-58913498	15:58912610-58913498
16	2966449	2966476	ENST00000303746_1	27	+	2966449	2966476	0	1	27	0	ENST00000303746	27	-27.35177771250407	-20.158222728305393	1.033222196140775		-18.994000174240632	-18.994000174240632	0.6674909126239292	-11.126900106668472	27	165	2966449	2966641	2	16:2966449-2966476	16:2966449-2966641
16	30661333	30661429	ENST00000356166_1	96	+	30661333	30661429	0	1	96	0	ENST00000356166	96	-30.992312396410853	-19.761875067216653	1.017838709356804	-15.28210003376007	-29.262109098035957	-27.021009118572678	0.038126262488911364	-9.232599663734437	96	990	30661333	30662419	2	16:30661333-30661429	16:30661333-30662419
16	69341320	69341389	ENST00000254940_1	69	+	69341320	69341389	0	1	69	0	ENST00000254940	69	-29.13443456525388	-22.703956451752912	1.0275362342548813	-26.143699526786804	-27.530986108979977	-24.82548954645237	0.9896573403547355	-19.342899958292644	69	143	69341320	69341532	2	16:69341320-69341389	16:69341320-69341532
16	84745675	84745699	ENST00000219473_1	24	+	84745675	84745699	0	1	24	0	ENST00000219473	24	-1.336874783039093	-1.336874783039093	1.5086250115030755		-17.59302425837817	-17.59302425837817	-0.35258211262915756	20.041000366210938	24	13018	84745673	84758715	2	16:84745675-84745699	16:84745673-84758715
16	89649257	89649350	ENST00000397901_1	93	-	89649257	89649350	0	1	93	0	ENST00000397901	93	-16.07278504102461	-12.527537597763923	-0.3634623624384403	-6.707500058412552	-12.19957063694374	-10.31224010330967	-0.3465778816211872	2.23799991607666	93	1926	89647331	89649350	3	16:89649257-89649350	16:89647331-89649350
17	31163376	31163388	ENST00000358273_1	12	+	31163376	31163388	0	1	12	0	ENST00000358273	12	-8.924750447273254	-8.924750447273254	4.809249967336655		-20.105908413249516	-20.09804342979172	0.22891913282285276	0.48560001850128176	12	6502	31163376	31169890	1	17:31163376-31163388	17:31163376-31169890
17	36599050	36599236	ENST00000618403_1	186	+	36599050	36599236	0	1	186	0	ENST00000618403	186	-26.736935417498312	-19.11966667444475	0.6134999984529831	-7.961900055408478	-23.090278740989447	-23.090278740989447	0.5315953521228526	-12.376400089263916	186	434	36599050	36599670	2	17:36599050-36599236	17:36599050-36599670
17	38760608	38760665	ENST00000619426_1	57	+	38760608	38760665	0	1	57	0	ENST00000619426	57	-24.990631906609785	-22.691263445636682	0.5393508865207989	-15.278300285339355	-20.966742659823975	-19.70062309414087	-0.3006637642910065	-1.7187000513076782	57	1745	38760608	38762410	3	17:38760608-38760665	17:38760608-38762410
17	44075087	44075117	ENST00000269097_1	30	+	44075087	44075117	0	1	30	0	ENST00000269097	30	-19.47430000305176	-18.60453314781189	2.3990666430443524	-19.47430000305176	-24.9201250433689	-22.764140664444614	0.4109272745430865	-17.740099973976612	30	192	44075087	44075309	3	17:44075087-44075117	17:44075087-44075309
17	47657060	47657246	ENST00000290158_1	186	+	47657060	47657246	0	1	186	0	ENST00000290158	186	-25.114580669710712	-25.114580669710712	0.201817202532003	-5.5562999725341795	-25.22970939483519	-25.22970939483519	0.1397922265595955	4.4670000076293945	186	1261	47657060	47658507	3	17:47657060-47657246	17:47657060-47658507
17	78202751	78202976	ENST00000409257_1	225	+	78202751	78202976	0	1	225	0	ENST00000409257	225	-23.936253375311694	-23.936253375311694	-1.3589333416557767	-8.47340005710721	-13.891556549765028	-11.697595359226897	-0.6810222071782227	1.2346665859222412	225	1679	78202751	78204655	3	17:78202751-78202976	17:78202751-78204655
17	82741393	82741468	ENST00000300784_1	75	+	82741393	82741468	0	1	75	0	ENST00000300784	75	-25.130360021591187	-24.59816006978353	0.13261333586027224	-17.987999987602233	-12.773531400231795	-12.545165768097965	-0.5164303272752312	10.925999879837036	75	7386	82741393	82748854	2	17:82741393-82741468	17:82741393-82748854
17	82766368	82766572	ENST00000355528_1	204	+	82766368	82766572	0	1	204	0	ENST00000355528	204	-28.642169162401785	-26.839045499009316	-0.8141921127921549	-7.840285982404437	-16.76611267509317	-16.76611267509317	-0.9763485091499262	-0.35609999895095823	204	1847	82766368	82768419	2	17:82766368-82766572	17:82766368-82768419
17	1548043	1548295	ENST00000313486_1	252	-	1548043	1548295	0	1	252	0	ENST00000313486	252	-26.77689673172103	-26.77689673172103	-0.013107138597646669	-13.733099985122681	-20.966360169980486	-20.195929183228365	0.03973852692736153	3.1726000785827635	252	5016	1543027	1548295	2	17:1548043-1548295	17:1543027-1548295
17	4682709	4682802	ENST00000572293_1	93	-	4682709	4682802	0	1	93	0	ENST00000572293	93	-34.94656996316807	-26.52716136747791	-0.01725806250807739	-28.362699770927428	-33.133860290927046	-28.89260999332456	-0.32516911098911594	-21.351099961996077	93	136	4682573	4682802	1	17:4682709-4682802	17:4682573-4682802
17	5481208	5481295	ENST00000158771_1	87	-	5481208	5481295	0	1	87	0	ENST00000158771	87	-20.06787368629513	-20.06787368629513	1.6451341338887266	-12.22650020942092	-27.083746036525053	-25.69977968595323	0.5019951925681269	-2.274799847602844	87	626	5480582	5481295	2	17:5481208-5481295	17:5480582-5481295
17	15980934	15981039	ENST00000399277_1	105	-	15980934	15981039	0	1	105	0	ENST00000399277	105	-40.011714726402644	-24.938171221528734	-0.08471567806440826	-27.265299844741822	-21.798000654966433	-21.798000654966433	0.07125691100833621	5.770500183105469	105	2771	15978163	15981039	1	17:15980934-15981039	17:15978163-15981039
17	39440589	39440622	ENST00000300651_1	33	-	39440589	39440622	0	1	33	0	ENST00000300651	33	-29.47218177535317	-19.233212122411437	2.6295151164204897	-28.925633358955384	-12.778802742420787	-6.637746424742148	5.656859147296825	-7.323799979686737	33	71	39440518	39440622	1	17:39440589-39440622	17:39440518-39440622
17	42586707	42586764	ENST00000309428_1	57	-	42586707	42586764	0	1	57	0	ENST00000309428	57	-20.23219296806737	-17.730842126043218	2.741122828600438	-18.887466621398925	-23.795364926572432	-23.795364926572432	1.0071964932221658	-7.453599953651429	57	570	42586137	42586764	1	17:42586707-42586764	17:42586137-42586764
17	49705817	49705865	ENST00000240333_1	48	-	49705817	49705865	0	1	48	0	ENST00000240333	48	-17.99618761241436	-17.99618761241436	1.1307708357150357	-17.26549994945526	-26.96251121196729	-25.828742561166855	0.4269216067761354	-9.74869978427887	48	536	49705281	49705865	3	17:49705817-49705865	17:49705281-49705865
17	57980407	57980602	ENST00000581208_1	195	-	57980407	57980602	0	1	195	0	ENST00000581208	195	-34.621000118591844	-31.170292501495435	0.5251897406883729	-17.984500089287756	-19.374747844510683	-19.1150726671177	0.30687941311591527	-0.9251998603343964	195	1094	57979313	57980602	2	17:57980407-57980602	17:57979313-57980602
17	59960031	59960067	ENST00000305783_1	36	-	59960031	59960067	0	1	36	0	ENST00000305783	36	-22.691916863123577	-22.691916863123577	2.127388858656761	-21.599533557891846	-20.448361380752875	-20.448361380752875	0.2907435220423899	-3.63370001912117	36	1587	59958444	59960067	1	17:59960031-59960067	17:59958444-59960067
17	64490653	64490794	ENST00000539111_1	141	-	64490653	64490794	0	1	141	0	ENST00000539111	141	-24.586312024305897	-24.586312024305897	0.5572907779273306	-15.135799729824067	-11.552075805646789	-11.132712292895988	-0.167153615263528	3.7787498994730413	141	4786	64485868	64490795	2	17:64490653-64490794	17:64485868-64490795
17	75130687	75130750	ENST00000245552_1	63	-	75130687	75130750	0	1	63	0	ENST00000245552	63	-15.14138088931167	-15.14138088931167	0.16606349563447848	-13.260699844360351	-16.19936197869321	-16.19936197869321	0.443022219878104	-16.322300306955974	63	47	75130642	75130752	2	17:75130687-75130750	17:75130642-75130752
18	36138426	36138444	ENST00000358232_1	18	+	36138426	36138444	0	1	18	0	ENST00000358232	18	-29.555832783381145	-28.223555326461792	2.0646111116641097		-27.14679977427824	-27.14679977427824	0.5976529761303113	-13.090999990701675	18	974	36138426	36139418	1	18:36138426-36138444	18:36138426-36139418
18	74158087	74158135	ENST00000169551_1	48	+	74158087	74158135	0	1	48	0	ENST00000169551	48	-29.366749867796898	-27.657437863449257	-0.41529167148595053	-26.128199982643128	-30.49759965624128	-23.195914500100272	0.03554286829062871	-28.22263307571411	48	35	74158087	74158170	2	18:74158087-74158135	18:74158087-74158170
18	80038617	80038638	ENST00000306735_1	21	+	80038617	80038638	0	1	21	0	ENST00000306735	21	-22.35857159750802	-8.175142855871291	0.914095227384851		-13.818745620564696	-13.20168171329281	-0.5275075500280169	9.371999740600586	21	5573	80038617	80044211	1	18:80038617-80038638	18:80038617-80044211
19	1105810	1106098	ENST00000354171_1	288	+	1105810	1106098	0	1	288	0	ENST00000354171	288	-8.016816097429428	-8.016816097429428	-0.21675694601880321	0.7944444153043959	-10.191734852212848	-10.191734852212848	-0.017097217198978696	-0.36375004053115845	288	144	1105809	1106241	2	19:1105810-1106098	19:1105809-1106241
19	3115072	3115111	ENST00000078429_1	39	+	3115072	3115111	0	1	39	0	ENST00000078429	39	-5.744250257809957	-5.744250257809957	-0.5305135302446984	-4.137000401814778	-9.445156367207426	-9.244498222783527	-0.9543865427810398	11.687999725341797	39	3812	3115072	3118923	2	19:3115072-3115111	19:3115072-3118923
19	13768737	13768752	ENST00000040663_1	15	+	13768737	13768752	0	1	15	0	ENST00000040663	15	-23.175399017333984	-18.138733037312825	1.931999998756995		-25.986718028993675	-25.06764818916858	-0.43195774114336555	-12.927500273287297	15	71	13768737	13768823	1	19:13768737-13768752	19:13768737-13768823
19	14563704	14563770	ENST00000215567_1	66	+	14563704	14563770	0	1	66	0	ENST00000215567	66	-17.272636261853304	-17.272636261853304	0.5569696816841535	-7.708800029754639	-22.498516132754663	-10.504677226466518	2.0363548083170766	-23.06360000371933	66	31	14563702	14563799	1	19:14563704-14563770	19:14563702-14563799
19	16088097	16088184	ENST00000643579_1	87	+	16088097	16088184	0	1	87	0	ENST00000643579	87	-18.774517280788256	-18.774517280788256	0.03960918812830558	-5.052700090408325	-25.406146362101097	-21.046790043159433	0.09519534898762115	-3.8788002133369446	87	860	16088097	16089044	1	19:16088097-16088184	19:16088097-16089044
19	38626102	38626156	ENST00000248342_1	54	+	38626102	38626156	0	1	54	0	ENST00000248342	54	-27.714333322313095	-19.330222225851482	0.024425925273034308	-20.295299768447876	-9.26488392931955	-8.158343611868816	-0.35854677130874024	8.27400016784668	54	6273	38626102	38632429	2	19:38626102-38626156	19:38626102-38632429
19	41274055	41274175	ENST00000392006_1	120	+	41274055	41274175	0	1	120	0	ENST00000392006	120	-27.259499964118003	-23.12594992717107	0.5587749964984444	-11.268700170516968	-23.358831636024018	-20.41588777132589	0.1288274242685045	3.900285678250449	120	1983	41274055	41276158	2	19:41274055-41274175	19:41274055-41276158
19	44654017	44654065	ENST00000425690_1	48	+	44654017	44654065	0	1	48	0	ENST00000425690	48	-14.163124769926071	-10.503208289543787	0.537895853650601	-1.2620998859405517	-12.334622794812471	-12.334622794812471	-0.762983865553859	1.1699999570846558	48	3696	44654017	44657761	2	19:44654017-44654065	19:44654017-44657761
19	46376574	46376649	ENST00000012443_1	75	+	46376574	46376649	0	1	75	0	ENST00000012443	75	-20.926399664878844	-20.926399664878844	-0.8041599900415167	-10.494299638271332	-11.904797049059626	-11.71146834515904	-0.35488877279664605	9.675000190734863	75	6761	46376574	46383410	1	19:46376574-46376649	19:46376574-46383410
19	1090689	1090905	ENST00000615234_1	216	-	1090689	1090905	0	1	216	0	ENST00000615234	216	-12.753723217508732	-12.753723217508732	-1.3691919186938026	-1.2625999093055724	-12.600335713213598	-10.127194266713344	-1.2455934061755805	3.012333462635676	216	546	1090145	1090907	1	19:1090689-1090905	19:1090145-1090907
19	3982728	3982806	ENST00000309311_1	78	-	3982728	3982806	0	1	78	0	ENST00000309311	78	-24.088961395220114	-13.666384620544237	-1.470641023097321	-12.851033120105663	-24.503875505140496	-21.720421187490327	-0.19530920953318281	-2.7936999797821045	78	304	3982424	3982806	1	19:3982728-3982806	19:3982424-3982806
19	15373626	15373785	ENST00000269701_1	159	-	15373626	15373785	0	1	159	0	ENST00000269701	159	-23.398905611638003	-23.398905611638003	-0.14124528138675732	-13.70179991722107	-29.62185648729751	-28.2520174965054	-0.355919579617106	-12.234799885749817	159	286	15373340	15373785	1	19:15373626-15373785	19:15373340-15373785
19	43015077	43015113	ENST00000320078_1	36	-	43015077	43015113	0	1	36	0	ENST00000320078	36	-9.833777698222548	-6.619333475828171	-2.28002777033382	-7.324199953489005	-9.258756976017764	-9.258756976017764	-1.2910107000863353	2.632999897003174	36	5038	43010041	43015115	1	19:43015077-43015113	19:43010041-43015115
19	46782259	46782382	ENST00000542575_1	123	-	46782259	46782382	0	1	123	0	ENST00000542575	123	-15.67489178653236	-15.67489178653236	-0.28849593542395086	-0.07637502998113632	-11.930353380251127	-11.863734444952996	-0.592512018607207	7.193999767303467	123	3351	46778908	46782382	2	19:46782259-46782382	19:46778908-46782382
19	48616581	48616725	ENST00000549920_1	144	-	48616581	48616725	0	1	144	0	ENST00000549920	144	-14.205793771146249	-14.205793771146249	-0.5885967642459418	-0.3546000480651855	-26.94914471799503	-24.743580943507116	-0.5896860176465771	-15.684221870369381	144	379	48616202	48616725	1	19:48616581-48616725	19:48616202-48616725
19	58556665	58556686	ENST00000253023_1	21	-	58556665	58556686	0	1	21	0	ENST00000253023	21	-27.20419053804307	-11.682380885950156	1.8148888494405482		-24.419255306045493	-24.419255306045493	0.6795191531664038	-7.362600117921829	21	286	58556379	58556686	2	19:58556665-58556686	19:58556379-58556686
2	47801155	47801167	ENST00000234420_1	12	+	47801155	47801167	0	1	12	0	ENST00000234420	12	-21.83049988746643	-14.901333570480347	3.9894166328012943		-13.797084968174971	-12.729604589489558	-0.5244204897259804	0.7281428745814732	12	2252	47801155	47803419	2	2:47801155-47801167	2:47801155-47803419
2	74208721	74208763	ENST00000394053_1	42	+	74208721	74208763	0	1	42	0	ENST00000394053	42	-22.01421449439866	-22.01421449439866	1.1025238104075903	-19.497200268507004	-13.738231626742607	-12.414329483852091	-0.4277619443801645	2.1967499777674675	42	1178	74208721	74209941	2	2:74208721-74208763	2:74208721-74209941
2	74531371	74531566	ENST00000258080_1	195	+	74531371	74531566	0	1	195	0	ENST00000258080	195	-26.75175387813495	-26.317405026998276	1.084041032467921	-13.984199795126916	-14.167600297927857	-8.692333365976811	3.951433328787486	-14.167600297927857	195	30	74531371	74531596	2	2:74531371-74531566	2:74531371-74531596
2	75652657	75652735	ENST00000393909_1	78	+	75652657	75652735	0	1	78	0	ENST00000393909	78	-25.649653907005604	-22.94006401147598	0.7158076968461944	-23.802000522613525	-17.454429450501486	-17.454429450501486	0.14200048914564928	29.71770062446594	78	27039	75652657	75679774	2	2:75652657-75652735	2:75652657-75679774
2	86111158	86111191	ENST00000254630_1	33	+	86111158	86111191	0	1	33	0	ENST00000254630	33	-11.971500056982041	-11.971500056982041	1.4030909053981304	-11.971500056982041	-16.20840368303633	-15.207258426557292	-0.12969802826494328	7.645999908447266	33	5338	86111158	86116529	2	2:86111158-86111191	2:86111158-86116529
2	101265048	101265120	ENST00000289382_1	72	+	101265048	101265120	0	1	72	0	ENST00000289382	72	-15.78534784524337	-11.013014103745071	-0.08008333167526871	-8.368999981880188	-24.51740005149561	-24.51740005149561	-0.19922916662628307	10.562999725341797	72	1557	101265047	101266676	1	2:101265048-101265120	2:101265047-101266676
2	130345485	130345506	ENST00000259239_1	21	+	130345485	130345506	0	1	21	0	ENST00000259239	21	-25.409714426313126	-21.624333290826705	0.6532380988023111		-30.233099865913392	-30.165150239070257	-0.2115833308082074	-21.623399782180787	21	60	130345485	130345566	1	2:130345485-130345506	2:130345485-130345566
2	134939062	134939083	ENST00000264157_1	21	+	134939062	134939083	0	1	21	0	ENST00000264157	21	-35.77100018092564	-20.402619134812127	2.465142874490647		-22.657683556007495	-22.081822869712358	0.22593893788959798	-0.09049991369247437	21	3528	134939062	134942611	2	2:134939062-134939083	2:134939062-134942611
2	173363462	173363474	ENST00000306721_1	12	+	173363462	173363474	0	1	12	0	ENST00000306721	12	-16.331000044941902	-4.8653333981831866	3.6242499661942325		-21.20438246621805	-21.20438246621805	0.08374927273941968	-4.62310004234314	12	343	173363462	173363817	3	2:173363462-173363474	2:173363462-173363817
2	210016641	210016707	ENST00000359429_1	66	+	210016641	210016707	0	1	66	0	ENST00000359429	66	-24.87613640048287	-23.771484598968968	0.9278636509270379	-20.34419963359833	-20.07494002869891	-20.07494002869891	0.20954901990586444	21.533300137519838	66	2961	210016641	210019668	1	2:210016641-210016707	2:210016641-210019668
2	216117794	216117854	ENST00000392132_1	60	+	216117794	216117854	0	1	60	0	ENST00000392132	60	-28.82955022007227	-23.907266308863957	1.272600003456076	-23.15920007675886	-21.72582030441322	-21.64964867619697	0.11359194312915417	0.7649999856948853	60	1188	216117794	216119042	3	2:216117794-216117854	2:216117794-216119042
2	231712516	231712576	ENST00000409115_1	60	+	231712516	231712576	0	1	60	0	ENST00000409115	60	-10.250449897348881	-10.250449897348881	-0.2138500062127908	-6.0865999311208725	-20.948215925746027	-20.66340078246915	-0.45911893936177706	-9.34789992570877	60	227	231712516	231712803	2	2:231712516-231712576	2:231712516-231712803
2	20037294	20037315	ENST00000175091_1	21	-	20037294	20037315	0	1	21	0	ENST00000175091	21	-29.30542835167476	-19.77971431187221	2.6807619016617537		-23.810358688250467	-23.810358688250467	-0.12177085379402743	-4.572200083732605	21	2232	20035062	20037315	1	2:20037294-20037315	2:20035062-20037315
2	27385722	27385746	ENST00000344034_1	24	-	27385722	27385746	0	1	24	0	ENST00000344034	24	-29.612666954596836	-16.847124656041462	2.4647083256859332		-26.925965274452036	-22.316285523964968	0.9888848576563255	-9.360100090503693	24	634	27385088	27385746	1	2:27385722-27385746	2:27385088-27385746
2	70229239	70229263	ENST00000433529_1	24	-	70229239	70229263	0	1	24	0	ENST00000433529	24	-14.436166435480118	-14.436166435480118	4.524666648358107		-8.116682408528554	-8.116682408528554	7.196648645642641	-1.4189999580383301	24	148	70229091	70229263	2	2:70229239-70229263	2:70229091-70229263
2	74528621	74528750	ENST00000377526_1	129	-	74528621	74528750	0	1	129	0	ENST00000377526	129	-26.35176728596521	-25.08837983959405	0.530522523871581	-19.06449999809265	-35.37763654101979	-28.990977267424267	0.5124374916000912	-26.76909966468811	129	132	74528489	74528750	3	2:74528621-74528750	2:74528489-74528750
2	99171330	99171342	ENST00000289359_1	12	-	99171330	99171342	0	1	12	0	ENST00000289359	12	3.8035001953442893	3.8035001953442893	4.602750065270811		-28.265747409074475	-27.806772329755837	0.5109070785931562	-9.487571620515414	12	678	99170652	99171342	1	2:99171330-99171342	2:99170652-99171342
2	101288950	101288971	ENST00000295317_1	21	-	101288950	101288971	0	1	21	0	ENST00000295317	21	-39.509523777734664	-15.04671433461564	2.41280953195833		-22.504365463747117	-22.504365463747117	-0.02622489718739813	6.053999900817871	21	2774	101286177	101288972	2	2:101288950-101288971	2:101286177-101288972
2	121730823	121730892	ENST00000285814_1	69	-	121730823	121730892	0	1	69	0	ENST00000285814	69	-14.120363620194523	-14.120363620194523	-0.112231881438714	-10.83336674173673	-14.059383506311184	-13.409780533520285	-0.6208389715884296	7.312666575113933	69	2287	121728536	121730892	1	2:121730823-121730892	2:121728536-121730892
2	152692887	152693037	ENST00000545856_1	150	-	152692887	152693037	0	1	150	0	ENST00000545856	150	-30.452546826998393	-25.851099962592127	0.46363333547953517	-22.44886705875397	-26.958213754959054	-25.345720234477593	0.05615051243160249	-0.43512503802776337	150	1909	152690978	152693037	1	2:152692887-152693037	2:152690978-152693037
20	32216722	32216923	ENST00000375749_1	201	+	32216722	32216923	0	1	201	0	ENST00000375749	201	-19.257193925665387	-19.257193925665387	2.1111890590884053	-7.341000127792358	-17.03691778463476	-11.253258791215279	4.463752899275106	-8.97940011024475	201	85	32216721	32217007	2	20:32216722-32216923	20:32216721-32217007
20	43460241	43460253	ENST00000244020_1	12	+	43460241	43460253	0	1	12	0	ENST00000244020	12	-30.99149990081787	-11.598750074704489	2.778999960360428		-26.734310310462426	-26.734310310462426	-0.22174712860960355	-15.481599926948547	12	261	43460241	43460514	1	20:43460241-43460253	20:43460241-43460514
20	43682886	43682952	ENST00000217026_1	66	+	43682886	43682952	0	1	66	0	ENST00000217026	66	-31.260272893038664	-30.188590942007124	-0.21475758781713067	-22.867800188064574	-14.153027184370444	-13.728725359896549	-0.6013927738172032	1.6929999589920044	66	3899	43682886	43686851	1	20:43682886-43682952	20:43682886-43686851
20	58903585	58903648	ENST00000371085_1	63	+	58903585	58903648	0	1	63	0	ENST00000371085	63	-28.350428762890044	-27.3692063017497	-0.1338095143067813	-16.918600249290467	-27.97669518512228	-1.5351304800614067	0.4346086894688399		63	23	58903585	58903671	2	20:58903585-58903648	20:58903585-58903671
20	33678179	33678200	ENST00000343380_1	21	-	33678179	33678200	0	1	21	0	ENST00000343380	21	-25.65190453330676	-5.234857063208308	3.6227619782799767		-23.965614992874517	-19.635023533388484	-0.06885219855748743	-1.9034000039100647	21	639	33677540	33678200	3	20:33678179-33678200	20:33677540-33678200
21	43743807	43743891	ENST00000291565_1	84	+	43743807	43743891	0	1	84	0	ENST00000291565	84	-14.025500054870333	-13.598321378053654	-0.4395833307478045	-1.1296000719070434	-7.672569595450132	-7.672569595450132	-0.6035306491721413	0.6457499302923679	84	2187	43743807	43746078	1	21:43743807-43743891	21:43743807-43746078
21	44137297	44137462	ENST00000291577_1	165	+	44137297	44137462	0	1	165	0	ENST00000291577	165	-15.475905577810305	-15.475905577810305	-0.5923032286637012	0.8279999867081642	-10.142656408837212	-9.287431813327325	-0.6438539123998511	3.760999917984009	165	2788	44137296	44140249	2	21:44137297-44137462	21:44137296-44140249
21	37233304	37233361	ENST00000309117_1	57	-	37233304	37233361	0	1	57	0	ENST00000309117	57	-11.862105405121518	-11.862105405121518	-0.5130000097284976	-1.6987999439239503	-21.454624882756196	-20.44693558125954	-0.9081175094646852	-8.117900133132935	57	853	37232451	37233361	2	21:37233304-37233361	21:37232451-37233361
21	44777229	44777298	ENST00000345496_1	69	-	44777229	44777298	0	1	69	0	ENST00000345496	69	-24.029826229681138	-16.394304195176	0.0036087017371386723	-18.810199995338916	-17.279175193548948	-16.42847922553175	-0.7667948788706581	-2.3014999099075792	69	3542	44773687	44777298	1	21:44777229-44777298	21:44773687-44777298
22	35389963	35390110	ENST00000216117_1	147	+	35389963	35390110	0	1	147	0	ENST00000216117	147	-14.7396327463948	-13.331884369558217	-0.43906121825653627	-5.566399994492531	-11.0340744608774	-11.01319643543337	-0.3907856931133584	1.1129999955495198	147	3357	35389963	35393467	2	22:35389963-35390110	22:35389963-35393467
22	41511968	41512064	ENST00000216254_1	96	+	41511968	41512064	0	1	96	0	ENST00000216254	96	-29.30790626257658	-22.69444803024332	0.08871875303642203	-19.888699698448182	-23.041953374933062	-23.041953374933062	-0.506307458885151	-1.1539002180099487	96	3312	41511968	41515376	3	22:41511968-41512064	22:41511968-41515376
22	44726636	44726864	ENST00000336985_1	228	+	44726636	44726864	0	1	228	0	ENST00000336985	228	-19.99198651635969	-19.99198651635969	-0.6855877242010218	-4.57360007762909	-20.61261532208125	-20.61261532208125	-0.8725952328751223	3.9090000987052917	228	4867	44726634	44731729	3	22:44726636-44726864	22:44726634-44731729
22	20115088	20115265	ENST00000252136_1	177	-	20115088	20115265	0	1	177	0	ENST00000252136	177	-34.20563457103876	-30.05254719842155	-0.13380790846211846	-11.18500010172526	-28.304223166571724	-14.350444475809732	2.528222204082542		177	9	20115079	20115265	2	22:20115088-20115265	22:20115079-20115265
22	23838105	23838351	ENST00000318109_1	246	-	23838105	23838351	0	1	246	0	ENST00000318109	246	-26.90655549416326	-26.132703829142784	-0.15936178526210756	-7.308500027656555	-23.29631438114281	-21.38546684162676	-0.20868924625850546	-6.716249898076057	246	251	23837854	23838351	1	22:23838105-23838351	22:23837854-23838351
22	30587207	30587285	ENST00000354694_1	78	-	30587207	30587285	0	1	78	0	ENST00000354694	78	-24.20692297701652	-17.45911565193763	-0.23266666760005486	-16.373099690675737	-23.272144396765434	-21.165469821569825	-0.3672592898569132	0.9097999453544616	78	2490	30584717	30587285	3	22:30587207-30587285	22:30584717-30587285
22	38871332	38871479	ENST00000407418_1	147	-	38871332	38871479	0	1	147	0	ENST00000407418	147	-8.240040841151258	-1.6663749665021896	2.8475646258642278	-0.9257999420166015	-24.251221225729818	-23.82396573841268	-0.17229868456556627	25.63140038251877	147	4185	38867147	38871479	3	22:38871332-38871479	22:38867147-38871479
3	4981515	4981716	ENST00000256495_1	201	+	4981515	4981716	0	1	201	0	ENST00000256495	201	-14.372044799487982	-14.372044799487982	0.6872786022126165	-1.537700080871582	-24.972557674743854	-23.583981271796464	0.36451746817936326	-3.823699975013733	201	1119	4981515	4982835	1	3:4981515-4981716	3:4981515-4982835
3	8548903	8549110	ENST00000157600_1	207	+	8548903	8549110	0	1	207	0	ENST00000157600	207	-24.235536238421563	-24.235536238421563	-0.3455362317651726	-8.562200236320496	-19.81948423185335	-19.81948423185335	-0.1575559787042614	5.947999954223633	207	16321	8548903	8565431	2	3:8548903-8549110	3:8548903-8565431
3	38363017	38363050	ENST00000207870_1	33	+	38363017	38363050	0	1	33	0	ENST00000207870	33	-33.51527335427024	-20.038818460522275	-0.5285454519996138	-34.30340061187744	-21.439818142463903	-21.439818142463903	-0.5619016769425124	-4.836499872803688	33	2148	38363017	38365198	2	3:38363017-38363050	3:38363017-38365198
3	39391620	39391662	ENST00000650617_1	42	+	39391620	39391662	0	1	42	0	ENST00000650617	42	-12.028214148112706	-12.028214148112706	0.15421428544712917	-10.703299808502198	-25.654989499167392	-25.264600179344416	-0.532465245206168	-11.668299770355224	42	190	39391620	39391852	1	3:39391620-39391662	3:39391620-39391852
3	45706907	45706931	ENST00000389061_1	24	+	45706907	45706931	0	1	24	0	ENST00000389061	24	-27.335500463843346	-15.173416793346405	1.9419999768336613		-24.719050920629073	-24.719050920629073	-0.20107640540091798	-6.696666568517685	24	2566	45706907	45709497	3	3:45706907-45706931	3:45706907-45709497
3	47330149	47330182	ENST00000232766_1	33	+	47330149	47330182	0	1	33	0	ENST00000232766	33	-21.90699989145452	-21.90699989145452	-0.09745455917083856	-22.596599912643434	-14.971832054775275	-14.971832054775275	-0.15238264909799498	2.61899995803833	33	2974	47330149	47333156	2	3:47330149-47330182	3:47330149-47333156
3	51980628	51980727	ENST00000273596_1	99	+	51980628	51980727	0	1	99	0	ENST00000273596	99	-23.355121200734917	-23.355121200734917	0.4747676746355313	-15.160599875450135	-23.150749848948585	-22.258842477264505	0.8703888914013213	-9.39149992465973	99	108	51980628	51980835	1	3:51980628-51980727	3:51980628-51980835
3	87249977	87250232	ENST00000263780_1	255	+	87249977	87250232	0	1	255	0	ENST00000263780	255	-30.8327293213676	-27.68215672455582	0.3946274482517266	-16.795400083065033	-23.72841180451534	-23.72841180451534	0.01778952353904315	-5.180699932575226	255	3171	87249977	87253403	3	3:87249977-87250232	3:87249977-87253403
3	119477448	119477502	ENST00000295588_1	54	+	119477448	119477502	0	1	54	0	ENST00000295588	54	-33.462999761104584	-33.462999761104584	0.5728148216774032	-27.70549988746643	-24.227100338223337	-23.704403129132583	0.29774850604686537	4.161999881267548	54	2548	119477448	119480050	1	3:119477448-119477502	3:119477448-119480050
3	133586722	133586788	ENST00000264993_1	66	+	133586722	133586788	0	1	66	0	ENST00000264993	66	-26.636818192221902	-26.636818192221902	0.6949464283950094	-15.939999985694886	-21.866850959414712	-20.935638666507984	1.260860888778746	-2.9825000286102297	66	1107	133586722	133587895	2	3:133586722-133586788	3:133586722-133587895
3	141913836	141913875	ENST00000286371_1	39	+	141913836	141913875	0	1	39	0	ENST00000286371	39	-19.796769119226017	-17.137820662596287	1.206384634025968	-18.407899731397627	-21.205126459057304	-20.74559388358424	0.009094555456628944	-6.894900059700012	39	2094	141913836	141915969	1	3:141913836-141913875	3:141913836-141915969
3	186577800	186577854	ENST00000265028_1	54	+	186577800	186577854	0	1	54	0	ENST00000265028	54	-25.33461116068065	-19.025074345094186	1.204481472019796	-18.291900038719177	-22.30395984800034	-22.30395984800034	0.2063424069205243	0.63866659005483	54	3516	186577800	186581370	1	3:186577800-186577854	3:186577800-186581370
3	186617350	186617515	ENST00000411641_1	165	+	186617350	186617515	0	1	165	0	ENST00000411641	165	-25.77238189090382	-22.188381893707046	0.4358060649850152	-17.830299818515776	-27.760299951188706	-26.8485196486992	-0.21955490180784287	-6.650399994850159	165	1020	186617350	186618535	2	3:186617350-186617515	3:186617350-186618535
3	186785101	186785116	ENST00000323963_1	15	+	186785101	186785116	0	1	15	0	ENST00000323963	15	-7.329399967193604	-5.001666593551636	8.145199871063232		-22.509761166012318	-22.34256661890498	1.7465304246368798	-1.6857999920845033	15	766	186785101	186785882	2	3:186785101-186785116	3:186785101-186785882
3	47504125	47504329	ENST00000296149_1	204	-	47504125	47504329	0	1	204	0	ENST00000296149	204	-25.658191119923313	-23.292269553623946	-0.267195875706636	-7.582900106906891	-15.76970798659677	-15.534140892302172	-0.5121105179444135	0.47600001096725464	204	2274	47501851	47504329	2	3:47504125-47504329	3:47501851-47504329
3	49017370	49017433	ENST00000341949_1	63	-	49017370	49017433	0	1	63	0	ENST00000341949	63	-35.924142383393786	-22.23314258125093	0.12787302050532567	-31.72059988975525	-36.63199928828648	-26.014928681509836	0.6020714300019401		63	14	49017356	49017433	2	3:49017370-49017433	3:49017356-49017433
3	101682686	101682770	ENST00000394077_1	84	-	101682686	101682770	0	1	84	0	ENST00000394077	84	-41.31670241696494	-27.35686927749997	-0.23102381521658527	-31.96259984970093	-28.24307719764021	-26.46213389764127	0.39251030626533956	-16.94249984025955	84	194	101682492	101682770	3	3:101682686-101682770	3:101682492-101682770
3	157153002	157153035	ENST00000295926_1	33	-	157153002	157153035	0	1	33	0	ENST00000295926	33	-21.55360591772831	-18.582575660763364	3.4641818007115615	-22.808933162689208	-29.10433243749646	-29.10433243749646	0.1345583687647103	-9.126899987459183	33	761	157152241	157153035	1	3:157153002-157153035	3:157152241-157153035
3	184245109	184245196	ENST00000397676_1	87	-	184245109	184245196	0	1	87	0	ENST00000397676	87	-26.252896698898283	-24.43494248458709	0.40574713164255366	-20.301700054109098	-25.79131095026441	-25.79131095026441	0.09206169465578289	-9.024999904632569	87	389	184244721	184245197	2	3:184245109-184245196	3:184244721-184245197
3	185696551	185696611	ENST00000382199_1	60	-	185696551	185696611	0	1	60	0	ENST00000382199	60	-30.852050065994263	-24.481883319218955	1.079199992865324	-23.910299587249757	-23.122637689628075	-22.58950741417646	0.17124662722907738	-0.760300076007843	60	3789	185692762	185696611	2	3:185696551-185696611	3:185692762-185696611
4	77160971	77161031	ENST00000316355_1	60	+	77160971	77161031	0	1	60	0	ENST00000316355	60	-23.47704983651638	-21.137449912230174	1.1340666629529248	-17.185299921035767	-14.519072358314217	-14.519072358314217	-0.34810022797657214	-2.4013750106096268	60	448	77160971	77161479	3	4:77160971-77161031	4:77160971-77161479
4	88038501	88038555	ENST00000237596_1	54	+	88038501	88038555	0	1	54	0	ENST00000237596	54	-11.871277762783897	-11.871277762783897	0.100185178073675	-10.135600006580352	-18.39078706340446	-18.39078706340446	-0.26571678708384494	2.243000030517578	54	4677	88038501	88043232	1	4:88038501-88038555	4:88038501-88043232
4	37638332	37638446	ENST00000454158_1	114	-	37638332	37638446	0	1	114	0	ENST00000454158	114	-27.320868293967163	-19.120578936938394	-0.19144736914364457	-11.80939998626709	-22.669396413789947	-21.909140870794033	-0.26765253519963567	0.6417142493384225	114	3209	37635123	37638446	3	4:37638332-37638446	4:37635123-37638446
4	76136140	76136185	ENST00000264883_1	45	-	76136140	76136185	0	1	45	0	ENST00000264883	45	-24.066599702835084	-17.967466847101846	2.02888886870092	-15.556699919700623	-23.70771089964479	-23.65025905784342	0.28110057993259047	-3.689555671479967	45	1778	76134362	76136185	2	4:76136140-76136185	4:76134362-76136185
4	121861388	121861502	ENST00000264499_1	114	-	121861388	121861502	0	1	114	0	ENST00000264499	114	-27.3761843411546	-23.49668426471844	0.8311403500765824	-13.13160001039505	-24.429489141273812	-23.538452010170683	0.22248290028895315	-10.368099904060363	114	2211	121859178	121861503	3	4:121861388-121861502	4:121859178-121861503
5	6739852	6739879	ENST00000230859_1	27	+	6739852	6739879	0	1	27	0	ENST00000230859	27	-8.037777728504604	-8.037777728504604	0.7577036933766471		-15.976787081054734	-15.253486182569915	-0.6305432952833415	-0.09620001316070556	27	2610	6739852	6742489	2	5:6739852-6739879	5:6739852-6742489
5	10256154	10256190	ENST00000280326_1	36	+	10256154	10256190	0	1	36	0	ENST00000280326	36	-10.173583199580511	-10.173583199580511	-0.24208333043174612	-5.920499813556671	-17.258641516083454	-17.158597957121763	-0.6412165537352307	4.547999858856201	36	1921	10256153	10258110	1	5:10256154-10256190	5:10256153-10258110
5	34922287	34922326	ENST00000336767_1	39	+	34922287	34922326	0	1	39	0	ENST00000336767	39	-19.641153720708992	-17.922307540208866	1.8632307540511903	-18.737999987602233	-28.44575475353115	-25.530174479573823	0.3942782979827585	-17.17480014562607	39	212	34922287	34922538	2	5:34922287-34922326	5:34922287-34922538
5	53484295	53484337	ENST00000256759_1	42	+	53484295	53484337	0	1	42	0	ENST00000256759	42	-11.10178546181747	-11.10178546181747	2.337690475662904	-8.104899701476096	-26.4795937527786	-23.380528746598618	0.9742269260932461	-13.165899872779846	42	661	53484293	53484996	2	5:53484295-53484337	5:53484293-53484996
5	65637780	65637813	ENST00000399438_1	33	+	65637780	65637813	0	1	33	0	ENST00000399438	33	-47.34772716869008	-18.39539421959357	1.9659696593880653	-47.76900005340576	-14.967133465584704	-14.061848285800899	-0.03591755636557414	9.041500091552734	33	9241	65637780	65647054	1	5:65637780-65637813	5:65637780-65647054
5	72855923	72856055	ENST00000337273_1	132	+	72855923	72856055	0	1	132	0	ENST00000337273	132	-23.50295455482873	-23.50295455482873	0.4421212096261143	-17.45010026693344	-17.83584890165469	-17.276477868206804	-0.14075944164443807	3.3693333864212036	132	5752	72855923	72861807	3	5:72855923-72856055	5:72855923-72861807
5	146459337	146459376	ENST00000679501_1	39	+	146459337	146459376	0	1	39	0	ENST00000679501	39	-19.313461668216267	-16.269025686459663	2.5862820574488397	-17.842400071024894	-27.077853435736618	-26.2576995087779	1.1208576565967867	1.613099917769432	39	4174	146459337	146463550	1	5:146459337-146459376	5:146459337-146463550
5	36048783	36048888	ENST00000282507_1	105	-	36048783	36048888	0	1	105	0	ENST00000282507	105	-28.02102848631995	-26.724323965254285	-1.7276285672826426	-14.51199991106987	-25.36594027523508	-24.595405988211247	-0.43447013905825266	-0.3019999861717224	105	9075	36039708	36048888	1	5:36048783-36048888	5:36039708-36048888
5	36225451	36225541	ENST00000381937_1	90	-	36225451	36225541	0	1	90	0	ENST00000381937	90	-32.944091802355885	-31.551689517909082	0.39400001005217267	-20.8703330622779	-21.714692381309757	-21.714692381309757	0.12832592429786374	2.4570000171661377	90	5772	36219679	36225541	2	5:36225451-36225541	5:36219679-36225541
5	133000098	133000131	ENST00000509437_1	33	-	133000098	133000131	0	1	33	0	ENST00000509437	33	-21.119000359015033	-21.119000359015033	1.6413333287857699	-22.4315003991127	-14.305751347110245	-14.305751347110245	-0.14729361661184737	8.589500308036804	33	1248	132998850	133000131	1	5:133000098-133000131	5:132998850-133000131
5	138570857	138570959	ENST00000297185_1	102	-	138570857	138570959	0	1	102	0	ENST00000297185	102	-22.756634381509595	-22.756634381509595	0.16323528732812287	-9.008761701129732	-15.71542462554624	-15.094837240636522	-0.1675183524751753	8.71399974822998	102	1808	138569049	138570959	3	5:138570857-138570959	5:138569049-138570959
5	181239384	181239486	ENST00000512805_1	102	-	181239384	181239486	0	1	102	0	ENST00000512805	102	-28.332293990780325	-23.22074517731865	0.14642307641826427	-20.80339984893799	-30.163521783939306	-28.71647830242696	-0.045246749620449236	-12.337800025939941	102	207	181239177	181239486	1	5:181239384-181239486	5:181239177-181239486
6	33202427	33202538	ENST00000374677_1	111	+	33202427	33202538	0	1	111	0	ENST00000374677	111	-29.448783932505428	-23.407036098274023	0.3087196257226517	-15.578600311279297	-41.01128578186035	-27.459714639754523	0.9010000333544754		111	21	33202427	33202559	3	6:33202427-33202538	6:33202427-33202559
6	33276067	33276082	ENST00000439602_1	15	+	33276067	33276082	0	1	15	0	ENST00000439602	15	-5.749799919128418	-5.749799919128418	0.4494000210116307		-31.81197874723597	-26.453798127935286	-0.4048829815409919	-21.426600205898286	15	94	33276066	33276175	2	6:33276067-33276082	6:33276066-33276175
6	35469529	35469694	ENST00000322203_1	165	+	35469529	35469694	0	1	165	0	ENST00000322203	165	-16.213981847329574	-16.213981847329574	-0.6783575701442632	-1.6961999416351319	-23.689055884811136	-23.689055884811136	-0.552515995140666	-11.439900135993957	165	484	35469529	35470178	2	6:35469529-35469694	6:35469529-35470178
6	43026142	43026154	ENST00000244496_1	12	+	43026142	43026154	0	1	12	0	ENST00000244496	12	-21.794000148773193	-14.059500058492025	0.6640833398948113		-16.57270255726178	-15.284767786065093	-0.33992285051158433	1.5466000016778707	12	1024	43026141	43027177	2	6:43026142-43026154	6:43026141-43027177
6	52452837	52452951	ENST00000371068_1	114	+	52452837	52452951	0	1	114	0	ENST00000371068	114	-23.098157976803027	-23.098157976803027	0.3984912285793638	-13.750599849224091	-25.56461586084609	-25.56461586084609	0.580469816669737	-3.3991111119588218	114	1143	52452837	52454094	1	6:52452837-52452951	6:52452837-52454094
6	87603530	87603581	ENST00000392844_1	51	+	87603530	87603581	0	1	51	0	ENST00000392844	51	-31.16111732931698	-19.285882440267823	-0.1520980391651392	-26.247499895095824	-24.618301756389304	-22.866751385644857	0.32867472495228706	4.644000053405762	51	2337	87603528	87605916	3	6:87603530-87603581	6:87603528-87605916
6	142370795	142370936	ENST00000367609_1	141	+	142370795	142370936	0	1	141	0	ENST00000367609	141	-34.01744682991758	-30.159354716750748	-0.07947518109139187	-22.599700152873993	-24.960558219780317	-24.32531445551316	0.23290824394222556	4.993000030517578	141	11016	142370793	142381950	3	6:142370795-142370936	6:142370793-142381950
6	169756439	169756475	ENST00000366773_1	36	+	169756439	169756475	0	1	36	0	ENST00000366773	36	-4.000166783730189	-4.000166783730189	-0.09805555031117466	0.13239988088607788	-32.59201239215003	-27.912740666250635	-0.46493827582312053	-18.644100189208984	36	243	169756439	169756718	3	6:169756439-169756475	6:169756439-169756718
6	41158798	41158870	ENST00000373113_1	72	-	41158798	41158870	0	1	72	0	ENST00000373113	72	-23.21520839797126	-23.21520839797126	-0.5503194468441911	-20.179600286483765	-28.866937832438687	-24.72797103020156	0.13701812493012175	-8.47930006980896	72	939	41158780	41159791	2	6:41158798-41158870	6:41158780-41159791
6	79077390	79077447	ENST00000275034_1	57	-	79077390	79077447	0	1	57	0	ENST00000275034	57	-3.1412632402620817	2.1569999770114294	5.907807021810298	-0.8419999837875366	-24.211252068520125	-23.738510011320688	0.31148360596104824	7.23799991607666	57	16572	79060818	79077447	1	6:79077390-79077447	6:79060818-79077447
6	79203537	79203579	ENST00000344726_1	42	-	79203537	79203579	0	1	42	0	ENST00000344726	42	-24.256357045400712	-24.256357045400712	1.8724047719013124	-25.18366683324178	-28.04046078190493	-27.905554332922094	-0.1322847152508055	-7.3690999209880825	42	1148	79202389	79203579	1	6:79203537-79203579	6:79202389-79203579
6	131949897	131949948	ENST00000367976_1	51	-	131949897	131949948	0	1	51	0	ENST00000367976	51	-24.373254586668576	-24.373254586668576	-0.1419999987690472	-17.05079962015152	-23.201466414623145	-20.759573995234202	1.433643914839648	-12.149900090694427	51	337	131949560	131949948	1	6:131949897-131949948	6:131949560-131949948
6	134174468	134174510	ENST00000367858_1	42	-	134174468	134174510	0	1	42	0	ENST00000367858	42	-25.84321462156783	-25.84321462156783	0.9778809598868802	-25.179100094828755	-31.213314358413832	-28.216623544539374	0.4259808199055978	-17.081700256466867	42	388	134174080	134174510	3	6:134174468-134174510	6:134174080-134174510
7	23195915	23195948	ENST00000258742_1	33	+	23195915	23195948	0	1	33	0	ENST00000258742	33	-17.225636287169024	-9.04636357047341	3.2319999833901725	-17.51249988079071	-26.38343506139256	-26.38343506139256	0.7145464632945295	-4.508000010251999	33	731	23195915	23196679	3	7:23195915-23195948	7:23195915-23196679
7	77583650	77583722	ENST00000248594_1	72	+	77583650	77583722	0	1	72	0	ENST00000248594	72	-27.570374851425488	-22.57216681043307	1.3872638845091894	-17.856400120258332	-20.618440083338587	-19.51432684651326	-0.0065452516953388995	5.03000020980835	72	1820	77583650	77585542	3	7:77583650-77583722	7:77583650-77585542
7	99450371	99450476	ENST00000292476_1	105	+	99450371	99450476	0	1	105	0	ENST00000292476	105	-20.53217155592782	-20.53217155592782	0.1560190504328126	-13.268300247192382	-25.11918675834934	-25.001199940840404	-0.03647999771042831	-9.481500101089477	105	225	99450371	99450701	3	7:99450371-99450476	7:99450371-99450701
7	100090487	100090535	ENST00000303904_1	48	+	100090487	100090535	0	1	48	0	ENST00000303904	48	-34.43675047159195	-18.699416453639667	0.59285416311468	-24.726400279998778	-28.89133926800319	-26.889500319957733	0.1794107176995437	-18.45259976387024	48	56	100090487	100090591	3	7:100090487-100090535	7:100090487-100090591
7	103355793	103355868	ENST00000292644_1	75	+	103355793	103355868	0	1	75	0	ENST00000292644	75	-24.409839851856233	-24.183666949470837	0.6838749922398064	-15.767299968004227	-12.99190680961442	-12.99190680961442	-0.10929038199911953	9.951000213623047	75	6088	103355793	103361956	1	7:103355793-103355868	7:103355793-103361956
7	116250496	116250526	ENST00000358204_1	30	+	116250496	116250526	0	1	30	0	ENST00000358204	30	-24.67160007953644	-19.416066471735636	0.8236333223680655	-24.67160007953644	-24.562120609577388	-22.174327857252923	0.08829654680701128	7.1620001792907715	30	1233	116250496	116251759	2	7:116250496-116250526	7:116250496-116251759
7	26196794	26196806	ENST00000618183_1	12	-	26196794	26196806	0	1	12	0	ENST00000618183	12	-14.528250277042389	-7.021000196536382	4.9525000005960464		-37.711052950163534	-33.51454350892014	-0.4740588256459245	-26.107800126075745	12	136	26196658	26196806	3	7:26196794-26196806	7:26196658-26196806
7	33022028	33022052	ENST00000610140_1	24	-	33022028	33022052	0	1	24	0	ENST00000610140	24	-21.32262447476387	-21.16866633792718	1.0842500148961942		-24.32056626482088	-24.32056626482088	0.3983487362965411	-3.890099972486496	24	671	33021357	33022052	3	7:33022028-33022052	7:33021357-33022052
7	47976675	47976729	ENST00000258774_1	54	-	47976675	47976729	0	1	54	0	ENST00000258774	54	-42.014389197031655	-22.50124083624946	-0.1619259255627791	-32.85459985733032	-26.813140671036624	-26.813140671036624	-0.5525445348960452	-7.611699771881104	54	988	47975687	47976729	1	7:47976675-47976729	7:47975687-47976729
7	100099203	100099278	ENST00000303887_1	75	-	100099203	100099278	0	1	75	0	ENST00000303887	75	-35.209666260083516	-22.26778674304485	0.4516533403843641	-32.019599723815915					75	0	100099203	100099278	1	7:100099203-100099278	7:100099203-100099278
8	73321077	73321104	ENST00000240285_1	27	+	73321077	73321104	0	1	27	0	ENST00000240285	27	-26.18877781762017	-20.690333558453453	1.8281852005489378		-27.935944090280184	-26.790803325320415	0.24166859345943964	-7.456900119781494	27	1574	73321077	73322678	1	8:73321077-73321104	8:73321077-73322678
8	120451323	120451389	ENST00000305949_1	66	+	120451323	120451389	0	1	66	0	ENST00000305949	66	-25.53818173029206	-25.53818173029206	0.2852575808029735	-16.51529977917671	-21.4861290507724	-21.4861290507724	-0.0500796143061193	9.22599983215332	66	2458	120451322	120453846	1	8:120451323-120451389	8:120451322-120453846
8	673243	673288	ENST00000262109_1	45	-	673243	673288	0	1	45	0	ENST00000262109	45	-29.443244308895537	-25.395466391245524	0.8446444395515654	-25.328899717330934	-14.518315097689344	-13.189712009189908	-0.8212399996531959	7.7220001220703125	45	4451	668792	673288	2	8:673243-673288	8:668792-673288
8	23029501	23029609	ENST00000276431_1	108	-	23029501	23029609	0	1	108	0	ENST00000276431	108	-22.451749751965206	-18.752527832984924	-0.8609814892729951	-16.64739990234375	-22.536559536124894	-22.536559536124894	-1.01053948993344	-7.564900124073029	108	899	23028602	23029609	2	8:23029501-23029609	8:23028602-23029609
8	143821437	143821596	ENST00000526683_1	159	-	143821437	143821596	0	1	159	0	ENST00000526683	159	-7.804836532229897	-7.804836532229897	2.3748427747789793	1.475499701499939	-17.063655498721154	-16.298867386250993	1.996689976524612	8.676500010490418	159	2903	143818534	143821596	1	8:143821437-143821596	8:143818534-143821596
8	144356941	144356989	ENST00000331890_1	48	-	144356941	144356989	0	1	48	0	ENST00000331890	48	-19.999645747244358	-19.89168755710125	1.1017916736503441	-14.862766643365225	-28.760423774902637	-11.629768655850338	1.2891923049106622		48	26	144356915	144356989	2	8:144356941-144356989	8:144356915-144356989
9	128692765	128692846	ENST00000322030_1	81	+	128692765	128692846	0	1	81	0	ENST00000322030	81	-21.385333243343567	-21.385333243343567	0.6406543158040738	-13.57350013256073	-23.930000134876796	-23.930000134876796	0.3523809755487101		81	21	128692765	128692867	2	9:128692765-128692846	9:128692765-128692867
9	128706824	128706836	ENST00000291906_1	12	+	128706824	128706836	0	1	12	0	ENST00000291906	12	-11.655249834060669	-11.655249834060669	2.782666620487968		-20.707796458470618	-20.707796458470618	-0.3317966126221216	-9.878899872303009	12	59	128706824	128706895	3	9:128706824-128706836	9:128706824-128706895
9	133350052	133350103	ENST00000323345_1	51	+	133350052	133350103	0	1	51	0	ENST00000323345	51	-19.12370594810037	-19.12370594810037	-1.1064705891972955	-17.455200099945067	-23.00762526866268	-22.249831197892917	0.183455885059255	-6.99160007238388	51	136	133350052	133350239	2	9:133350052-133350103	9:133350052-133350239
9	137257054	137257264	ENST00000343053_1	210	+	137257054	137257264	0	1	210	0	ENST00000343053	210	-11.316514275329453	-11.316514275329453	-0.7898380915434765	-2.0148000329732896	-7.400487481580785	-7.400487481580785	-0.8322070163228743	2.871333440144857	210	5772	137257054	137263036	2	9:137257054-137257264	9:137257054-137263036
9	33068805	33068823	ENST00000397149_1	18	-	33068805	33068823	0	1	18	0	ENST00000397149	18	-16.69350006845262	-16.69350006845262	0.9912222474813461		-11.487774541606088	-11.408046718229164	0.07942402074190577	8.0649995803833	18	6628	33062177	33068823	1	9:33068805-33068823	9:33062177-33068823
9	81685660	81685675	ENST00000376499_1	15	-	81685660	81685675	0	1	15	0	ENST00000376499	15	-10.611399920781453	-9.193333053588868	4.375199965635935		-21.15055483294728	-20.616360676863327	0.7777212673693993	9.593000173568726	15	31624	81654036	81685675	2	9:81685660-81685675	9:81654036-81685675
9	97687047	97687095	ENST00000375128_1	48	-	97687047	97687095	0	1	48	0	ENST00000375128	48	-16.338395704825718	-16.338395704825718	0.7236250017206961	-10.276899894078573	-22.476893158435274	-21.90111811850734	0.05155907491060014	-1.0196250528097153	48	2007	97685040	97687095	1	9:97687047-97687095	9:97685040-97687095
9	98783897	98783951	ENST00000353234_1	54	-	98783897	98783951	0	1	54	0	ENST00000353234	54	-27.724889331393772	-13.171259579835114	-0.3139073924264974	-25.450700569152833	-22.38823039218571	-21.629014202777856	-0.5282686769391217	3.385999917984009	54	1325	98782573	98783952	3	9:98783897-98783951	9:98782573-98783952
9	110244756	110244777	ENST00000374517_1	21	-	110244756	110244777	0	1	21	0	ENST00000374517	21	-34.78700024741037	-18.44190463565645	1.5255238245285692		-26.032877636201018	-23.842859880559764	-0.11437988923615437	-1.2280000448226929	21	537	110244219	110244777	1	9:110244756-110244777	9:110244219-110244777
9	127449202	127449280	ENST00000361436_1	78	-	127449202	127449280	0	1	78	0	ENST00000361436	78	-24.16625631161225	-19.78646161636481	0.25184616016653866	-19.85519995689392	-14.571612976219761	-12.680322500845467	0.632164520078942	3.522999882698059	78	779	127448423	127449280	2	9:127449202-127449280	9:127448423-127449280
9	127732474	127732561	ENST00000373284_1	87	-	127732474	127732561	0	1	87	0	ENST00000373284	87	-21.95695385782198	-21.95695385782198	-0.2637471132965266	-17.016332858800887	-24.86547202276298	-20.462316842861217	0.3358075034526303	-11.816699865460397	87	1019	127732278	127733384	2	9:127732474-127732561	9:127732278-127733384
9	128636137	128636278	ENST00000372715_1	141	-	128636137	128636278	0	1	141	0	ENST00000372715	141	-24.796985879012034	-22.211255232070354	-0.46578723335876426	-15.074199831485748	-29.547424427549384	-29.547424427549384	-0.9617822605926263	-4.929499725500743	141	372	128635767	128636280	2	9:128636137-128636278	9:128635767-128636280
9	137113780	137113864	ENST00000371579_1	84	-	137113780	137113864	0	1	84	0	ENST00000371579	84	-16.241773704687755	-11.769749875579562	-0.363333332529735	-10.613899970054627	-16.737165468836753	-16.737165468836753	-0.8411443672990623	-1.8857000112533568	84	284	137113496	137113864	2	9:137113780-137113864	9:137113496-137113864
X	19351408	19351456	ENST00000422285_1	48	+	19351408	19351456	0	1	48	0	ENST00000422285	48	-28.267937377095222	-23.43602067232132	0.9820833386814533	-24.17839984893799	-21.9310972926847	-21.9310972926847	0.13862793487111022	-2.280000075697899	48	1626	19351407	19353081	2	X:19351408-19351456	X:19351407-19353081
X	53085099	53085192	ENST00000375442_1	93	+	53085099	53085192	0	1	93	0	ENST00000375442	93	-31.550193271329327	-27.349526994971818	0.9414086078972085	-19.567699813842772	-40.39770597964525	-26.910117584116318	1.0181470511152464	-38.89400018503269	93	34	53085099	53085226	1	X:53085099-53085192	X:53085099-53085226
X	120608358	120608376	ENST00000371317_1	18	+	120608358	120608376	0	1	18	0	ENST00000371317	18	-21.145500262578327	-3.1673889689975314	3.5851666455467543		-21.22066425900858	-20.581276144331063	0.4424166662149698	3.0899999141693115	18	2634	120608358	120611010	1	X:120608358-120608376	X:120608358-120611010
X	15845240	15845378	ENST00000672987_1	138	-	15845240	15845378	0	1	138	0	ENST00000672987	138	-19.876101611748986	-18.776874030298657	1.9899710246861197	-8.508800011873245	-22.00605857303144	-22.00605857303144	0.9936468085910923	8.340999603271484	138	17868	15827372	15845378	3	X:15845240-15845378	X:15827372-15845378
X	119544322	119544352	ENST00000644802_1	30	-	119544322	119544352	0	1	30	0	ENST00000644802	30	-15.989400112628937	-15.989400112628937	1.555599994150301	-15.989400112628937	-14.967841828042	-14.226618788442071	-0.13599822443004553	3.508666674296061	30	1728	119542594	119544352	2	X:119544322-119544352	X:119542594-119544352
Y	2845743	2845821	ENST00000250784_1	78	+	2845743	2845821	0	1	78	0	ENST00000250784	78	-4.869136455384168	-4.255101427219916	-0.7811410251097419	-0.9448333581288656	-5.83825183266997	-5.429018662761112	-0.2928098076769217	4.5229997634887695	78	8778	2845743	2854599	1	Y:2845743-2845821	Y:2845743-2854599
1	26942776	26942800	ENST00000321265_1	24	+	26942776	26942800	0	1	24	0	ENST00000321265	24	-23.35849952697754	-20.446874896685284	1.6409166815380256		-25.84607151576451	-17.187314435413906	0.47975714025752886	-13.358699989318847	24	70	26942776	26942870	2	1:26942776-26942800	1:26942776-26942870
1	35973513	35973561	ENST00000373191_1	48	+	35973513	35973561	0	1	48	0	ENST00000373191	48	-28.892500042915344	-20.361437293390434	1.7775625109982987	-18.286599922180176	-19.059677417388304	-18.637423435820633	0.1807328789305796	5.6479997634887695	48	9061	35973511	35982620	1	1:35973513-35973561	1:35973511-35982620
1	40270127	40270175	ENST00000372759_1	48	+	40270127	40270175	0	1	48	0	ENST00000372759	48	-25.618562385439873	-25.618562385439873	1.5790833507974942	-14.973599982261657	-23.311430757247585	-21.770603622214562	0.20722624860864017	1.666666825612386	48	1718	40270127	40271893	3	1:40270127-40270175	1:40270127-40271893
1	44778131	44778173	ENST00000396651_1	42	+	44778131	44778173	0	1	42	0	ENST00000396651	42	-32.875570808138164	-25.858261539822532	1.1895333031813304	-26.717599630355835	-22.631589137165264	-22.031802004157097	0.838502637865512	-8.09460015296936	42	404	44778129	44778575	3	1:44778131-44778173	1:44778129-44778575
1	45606592	45606775	ENST00000350030_1	183	+	45606592	45606775	0	1	183	0	ENST00000350030	183	-22.917983699528897	-22.917983699528897	1.1247103731605972	-6.072200155258178	-22.098070626106917	-22.098070626106917	2.1158736245352743	-3.3989999294281006	183	546	45606591	45607320	2	1:45606592-45606775	1:45606591-45607320
1	86724405	86724417	ENST00000370558_1	12	+	86724405	86724417	0	1	12	0	ENST00000370558	12	-13.369250476360321	-9.026666820049286	5.274166687081258		-25.266852515656502	-25.25048042288726	0.6913472496293609	2.8970000743865967	12	10184	86724405	86734601	1	1:86724405-86724417	1:86724405-86734601
1	92836392	92836452	ENST00000370321_1	60	+	92836392	92836452	0	1	60	0	ENST00000370321	60	-29.582100057601927	-27.53785019616286	0.1406999968768408	-13.679200267791748	-22.603741017300635	-22.307228979699314	0.6396126423845643	-3.110100030899048	60	1003	92836392	92837455	1	1:92836392-92836452	1:92836392-92837455
1	109478009	109478072	ENST00000369872_1	63	+	109478009	109478072	0	1	63	0	ENST00000369872	63	-20.123190729745797	-20.123190729745797	0.9684920730217109	-13.733700365573167	-28.683665864470026	-26.371875623638775	0.3125624537122725	-5.160199856758117	63	1305	109478009	109479377	3	1:109478009-109478072	1:109478009-109479377
1	151167415	151167505	ENST00000368905_1	90	+	151167415	151167505	0	1	90	0	ENST00000368905	90	-23.730833145976067	-22.317611324124865	0.40137777510099115	-18.718599820137023	-17.55082206402977	-16.495277240609703	-0.3237902962781944	-2.336444424258338	90	639	151167414	151168143	2	1:151167415-151167505	1:151167414-151168143
1	151265234	151265249	ENST00000368884_1	15	+	151265234	151265249	0	1	15	0	ENST00000368884	15	-37.50120029449463	-16.664200146993	2.100533360739549		-30.297708337505657	-26.19790292862389	-0.3042045421192818	-18.110799908638	15	144	151265234	151265393	3	1:151265234-151265249	1:151265234-151265393
1	153747363	153747387	ENST00000318967_1	24	+	153747363	153747387	0	1	24	0	ENST00000318967	24	-10.733625143766403	-10.733625143766403	1.7860416455660015		-26.97263190797856	-26.846501895411944	0.4360774605942379	-10.217499685287475	24	1301	153747363	153748688	1	1:153747363-153747387	1:153747363-153748688
1	154990528	154990687	ENST00000292180_1	159	+	154990528	154990687	0	1	159	0	ENST00000292180	159	-30.92969822883606	-23.580194781411368	-0.2735031538484794	-14.725999927520752	-11.380729865112336	-11.380729865112336	-1.0647424617056007	2.950000047683716	159	2025	154990528	154992712	2	1:154990528-154990687	1:154990528-154992712
1	160751448	160751562	ENST00000368043_1	114	+	160751448	160751562	0	1	114	0	ENST00000368043	114	-28.918631751286355	-28.918631751286355	0.6658076877669933	-19.991199815273283	-30.750973871471544	-30.02379631697848	-0.017946602715118855	-3.5608001321554186	114	1648	160750423	160752185	1	1:160751448-160751562	1:160750423-160752185
1	175008706	175008730	ENST00000367679_1	24	+	175008706	175008730	0	1	24	0	ENST00000367679	24	-6.687374971807003	-6.687374971807003	1.666541629936546		-18.84960022564556	-18.546517120389947	-0.5076392190868876	1.9779999613761903	24	1192	175008706	175009922	2	1:175008706-175008730	1:175008706-175009922
1	1256883	1256991	ENST00000349431_1	108	-	1256883	1256991	0	1	108	0	ENST00000349431	108	-11.954057042939322	-11.954057042939322	-0.3416666662804971	-8.273599767684937	-13.311526743217673	-13.311526743217673	-1.0493937786303067	0.6586666504542033	108	758	1256125	1256991	1	1:1256883-1256991	1:1256125-1256991
1	35189152	35189185	ENST00000357214_1	33	-	35189152	35189185	0	1	33	0	ENST00000357214	33	-23.16343312263489	-23.16343312263489	0.2542727190408517	-23.21603681423046	-38.88598452898172	-36.66520024079543	0.608584616619807	-32.44180032014847	33	65	35189087	35189185	2	1:35189152-35189185	1:35189087-35189185
1	36460657	36460690	ENST00000373116_1	33	-	36460657	36460690	0	1	33	0	ENST00000373116	33	-21.712333303509336	-21.712333303509336	0.9880606319868204	-20.111833222707112	-14.82373862377663	-14.257588442724897	0.10384451364308167	1.7669999599456787	33	2677	36457981	36460691	2	1:36460657-36460690	1:36457981-36460691
1	39569513	39569594	ENST00000372858_1	81	-	39569513	39569594	0	1	81	0	ENST00000372858	81	-31.207654218614838	-14.21654337865335	0.4664197453516133	-17.348200058937074	-25.90792161834066	-25.84530480394224	0.10321111279772595	-10.775599884055556	81	574	39568939	39569594	3	1:39569513-39569594	1:39568939-39569594
1	46280984	46281122	ENST00000617190_1	138	-	46280984	46281122	0	1	138	0	ENST00000617190	138	-26.501427475956902	-26.501427475956902	0.002588237197521855	-12.030900073051452	-26.920241708346936	-26.920241708346936	0.3474201863224972	-14.257800048589706	138	426	46280560	46281124	3	1:46280984-46281122	1:46280560-46281124
1	58690179	58690224	ENST00000472487_1	45	-	58690179	58690224	0	1	45	0	ENST00000472487	45	-31.738266297181447	-26.30920007361306	1.3885999952753385	-30.96869953274727	-29.47323689115395	-27.001067686783976	0.8805792503312542	-12.211933382352193	45	1064	58689116	58690225	1	1:58690179-58690224	1:58689116-58690225
1	223806746	223806845	ENST00000343537_1	99	-	223806746	223806845	0	1	99	0	ENST00000343537	99	-7.365455537703302	-7.146600019931793	-0.3570707030123984	-2.8811249397695065	-21.52291705693812	-20.687695370417234	-0.41911125728449283	-1.7045556017094188	99	2398	223804348	223806845	3	1:223806746-223806845	1:223804348-223806845
1	231226705	231226738	ENST00000366649_1	33	-	231226705	231226738	0	1	33	0	ENST00000366649	33	-29.018606133533247	-18.107363527471367	-0.16875758975970023	-29.806200033426286	-17.621730706491697	-16.73007297733272	-0.26594999937353553	0.4671000182628632	33	1182	231225523	231226738	2	1:231226705-231226738	1:231225523-231226738
10	997308	997344	ENST00000360803_1	36	+	997308	997344	0	1	36	0	ENST00000360803	36	-23.983499844868977	-23.983499844868977	0.7468333359186848	-26.11709976196289	-21.58502800954598	-21.58502800954598	-0.46809615319012376	0.7380000352859497	36	1658	997308	999002	1	10:997308-997344	10:997308-999002
10	5909296	5909371	ENST00000362091_1	75	+	5909296	5909371	0	1	75	0	ENST00000362091	75	-27.673840396404266	-27.673840396404266	-0.5682266616945465	-15.904100269079208	-21.268775474614756	-19.894997997974095	-0.33593918539047224	-0.6708000004291534	75	1568	5909294	5910937	2	10:5909296-5909371	10:5909294-5910937
10	27533853	27533907	ENST00000356940_1	54	+	27533853	27533907	0	1	54	0	ENST00000356940	54	-21.85066670841641	-21.85066670841641	1.6708148087340373	-17.325200080871582	-26.39390026330948	-11.533599996566773	2.3585999824572355		54	20	27533853	27533927	1	10:27533853-27533907	10:27533853-27533927
10	94562727	94562796	ENST00000348459_1	69	+	94562727	94562796	0	1	69	0	ENST00000348459	69	-30.692738996899646	-27.268970973249793	1.3846811567149733	-19.96729967594147	-21.208000087738036	-19.876333260536192	2.3366666744152704		69	15	94562727	94562811	1	10:94562727-94562796	10:94562727-94562811
10	94949284	94949341	ENST00000260682_1	57	+	94949284	94949341	0	1	57	0	ENST00000260682	57	-38.00510562093634	-35.18661424779055	-4.923859649844337	-36.139500331878665	-17.469596593672744	-17.469596593672744	-1.3933833880315256	3.6070001125335693	57	22762	94949284	94972103	2	10:94949284-94949341	10:94949284-94972103
10	101608937	101609030	ENST00000370151_1	93	+	101608937	101609030	0	1	93	0	ENST00000370151	93	-30.66854836863856	-23.08193551837116	0.6397957066975294	-22.21110029220581	-32.302531618255756	-27.673482192236754	0.2168468482381253	-21.338599967956544	93	336	101608937	101609366	3	10:101608937-101609030	10:101608937-101609366
10	131940694	131940817	ENST00000455566_1	123	+	131940694	131940817	0	1	123	0	ENST00000455566	123	-19.443842155368703	-19.443842155368703	-0.7105853697966512	-12.328600203990936	-17.998306394350106	-17.998306394350106	-0.7618720001914725	-1.878099936246872	123	3150	131940694	131943967	2	10:131940694-131940817	10:131940694-131943967
10	45833862	45834015	ENST00000616763_1	153	-	45833862	45834015	0	1	153	0	ENST00000616763	153	-16.894241983204886	-16.894241983204886	1.4006535929621629	-4.945599937438965	-22.081379192902048	-22.081379192902048	-0.43436064076700587	8.982000350952148	153	2433	45831429	45834015	1	10:45833862-45834015	10:45831429-45834015
10	47510017	47510170	ENST00000452145_1	153	-	47510017	47510170	0	1	153	0	ENST00000452145	153	-16.09917660437378	-14.821954298642726	1.5131895418668446	-3.730300045013428	-19.891983409237532	-19.316863961404117	-0.20853985178438547	0.2540000081062317	153	2434	47507583	47510170	2	10:47510017-47510170	10:47507583-47510170
10	56359457	56359475	ENST00000373944_1	18	-	56359457	56359475	0	1	18	0	ENST00000373944	18	-33.54516664478514	-15.405666669209799	0.5841111400061183		-28.650376512165018	-28.274227478106816	-0.18357058542862753	-15.828900086879731	18	510	56358947	56359475	3	10:56359457-56359475	10:56358947-56359475
10	70214397	70214499	ENST00000373232_1	102	-	70214397	70214499	0	1	102	0	ENST00000373232	102	-19.426852875334376	-19.426852875334376	0.7902156796543768	-14.797399808466434	-23.4241311798324	-23.208622548581644	0.11500640100651634	-7.38680008649826	102	808	70213589	70214499	1	10:70214397-70214499	10:70213589-70214499
10	75234866	75234935	ENST00000372538_1	69	-	75234866	75234935	0	1	69	0	ENST00000372538	69	-22.881203195323113	-11.440347776896711	0.3276956585941134	-14.52610011100769	-19.04294419813156	-18.461664088249208	0.2964799927473068	-8.114300042390823	69	125	75234743	75234937	3	10:75234866-75234935	10:75234743-75234937
10	99405659	99405755	ENST00000370508_1	96	-	99405659	99405755	0	1	96	0	ENST00000370508	96	-25.999075282004572	-20.68003120770057	0.3826874956624427	-10.562555578019884	-26.13912427743707	-24.262477658599103	0.017619046607153903	-6.633999943733215	96	1785	99403874	99405755	3	10:99405659-99405755	10:99403874-99405755
11	9577263	9577290	ENST00000450114_1	27	+	9577263	9577290	0	1	27	0	ENST00000450114	27	-20.08544413248698	-20.08544413248698	1.6585926028675642		-19.84028648707093	-18.386946399591487	0.17900659603351396	4.39299996693929	27	4241	9577263	9581531	1	11:9577263-9577290	11:9577263-9581531
11	75404209	75404353	ENST00000531188_1	144	+	75404209	75404353	0	1	144	0	ENST00000531188	144	-34.775604113936424	-30.35271517518494	-0.12432500194408931	-17.223500299453736	-20.66898735351743	-19.76242821328342	2.3313557534808447	2.947900676727295	144	320	75404207	75404671	2	11:75404209-75404353	11:75404207-75404671
11	62835607	62835694	ENST00000278856_1	87	-	62835607	62835694	0	1	87	0	ENST00000278856	87	-32.63922964087848	-23.206758666312556	0.5214022955932152	-22.063900274038314	-28.58850666364034	-28.58850666364034	-0.08490667592734098	-23.711699891090394	87	75	62835532	62835694	2	11:62835607-62835694	11:62835532-62835694
11	88300517	88300529	ENST00000227266_1	12	-	88300517	88300529	0	1	12	0	ENST00000227266	12	-20.60408314069112	-13.946166733900705	2.1274165998523435		-26.220287160250475	-26.220287160250475	0.12237295736065838	-3.416599886864424	12	4253	88296264	88300529	3	11:88300517-88300529	11:88296264-88300529
12	6975378	6975447	ENST00000599672_1	69	+	6975378	6975447	0	1	69	0	ENST00000599672	69	-21.98452215609343	-15.509710201318713	0.6447681154164931	-16.062800550460814	-18.076738423990122	-18.076738423990122	1.2322856198487226	21.980100083351136	69	7554	6975378	6983001	1	12:6975378-6975447	12:6975378-6983001
12	54282487	54282514	ENST00000340913_1	27	+	54282487	54282514	0	1	27	0	ENST00000340913	27	-48.96266573005252	-25.489888853496975	0.11227272264659405		-39.39310207205304	-33.83822032960795	-0.8151355935576357	-37.52220058441162	27	59	54282486	54282572	2	12:54282487-54282514	12:54282486-54282572
12	54345515	54345599	ENST00000262061_1	84	+	54345515	54345599	0	1	84	0	ENST00000262061	84	-24.981764751322128	-16.83909269394698	1.5323103410673553	-4.104000091552734	-17.68872274714781	-17.300017041084846	0.5535691635180837	8.720999717712402	84	2167	54345515	54347766	3	12:54345515-54345599	12:54345515-54347766
12	57232292	57232358	ENST00000328923_1	66	+	57232292	57232358	0	1	66	0	ENST00000328923	66	-13.60268184855919	-13.60268184855919	0.8427727312029508	-5.686399878002703	-28.22546789937831	-27.56691488623619	0.4501170194806888	-17.786699771881104	66	94	57232292	57232452	3	12:57232292-57232358	12:57232292-57232452
12	57747131	57747182	ENST00000257910_1	51	+	57747131	57747182	0	1	51	0	ENST00000257910	51	-26.55794127548442	-26.55794127548442	-0.02603921971703861	-28.898200225830077	-24.41790923205289	-24.41790923205289	0.6214848247631877	-25.252000188827516	51	33	57747131	57747215	3	12:57747131-57747182	12:57747131-57747215
12	57793073	57793148	ENST00000652027_1	75	+	57793073	57793148	0	1	75	0	ENST00000652027	75	-23.842760244607927	-18.42981320858002	1.1189466670155526	-21.622099986672403	-20.665068528388197	-18.832191640418777	-0.06516925168177522	2.8289999961853027	75	3028	57793073	57796176	3	12:57793073-57793148	12:57793073-57796176
12	118022359	118022416	ENST00000454402_1	57	+	118022359	118022416	0	1	57	0	ENST00000454402	57	-24.062210283781354	-20.989122767197458	-0.07166665635610882	-12.69950008392334	-16.592566295944334	-16.4858116936377	-0.16044384926142444	6.692999839782715	57	2434	118022359	118024850	2	12:118022359-118022416	12:118022359-118024850
12	123607662	123607710	ENST00000238146_1	48	+	123607662	123607710	0	1	48	0	ENST00000238146	48	-20.50168749690056	-17.924604086826246	0.34664582981107134	-15.540300321578979	-20.228875004150904	-19.5633427098083	-0.5625314765960128	-4.882599997520447	48	969	123607662	123608679	1	12:123607662-123607710	12:123607662-123608679
12	131941983	131942058	ENST00000376649_1	75	+	131941983	131942058	0	1	75	0	ENST00000376649	75	-16.74499986569087	-10.00005558050341	-0.5270799941569567	-11.496666312217712	-11.18094705085202	-11.18094705085202	-0.8628560547800702	1.7231998205184937	75	1480	131941983	131943538	1	12:131941983-131942058	12:131941983-131943538
12	6967816	6967891	ENST00000535923_1	75	-	6967816	6967891	0	1	75	0	ENST00000535923	75	-32.266786410013836	-23.214693535963693	-0.9608666493992011	-22.578999614715578	-24.351050387655473	-12.127467128464302	2.283006924974118	-0.5505002260208129	75	578	6967238	6967891	2	12:6967816-6967891	12:6967238-6967891
12	7099565	7099685	ENST00000266542_1	120	-	7099565	7099685	0	1	120	0	ENST00000266542	120	-25.426666524012884	-22.27265002131462	-0.5244750016097289	-13.865199732780457	-15.447908345193333	-15.25650495583194	-0.5821425364962687	0.1748000219464302	120	2402	7097163	7099685	3	12:7099565-7099685	12:7097163-7099685
12	57064615	57064645	ENST00000300128_1	30	-	57064615	57064645	0	1	30	0	ENST00000300128	30	-44.2745001912117	-19.825999959309897	1.1791333290437858	-44.2745001912117	-25.985853553511376	-22.077355859272703	1.5611534911613956	-10.47090015411377	30	430	57064185	57064645	2	12:57064615-57064645	12:57064185-57064645
12	108544279	108544426	ENST00000546815_1	147	-	108544279	108544426	0	1	147	0	ENST00000546815	147	-25.804353572884384	-25.804353572884384	-0.21359863520210268	-9.72376667658488	-28.604546594078972	-27.672062106542917	-0.22870363806716903	-11.232600095868111	147	1127	108543152	108544426	2	12:108544279-108544426	12:108543152-108544426
12	122489347	122489383	ENST00000633063_1	36	-	122489347	122489383	0	1	36	0	ENST00000633063	36	-22.11819478538301	-22.11819478538301	1.6326110947670207	-19.703400349617006	-15.572773611606445	-15.14321387279069	-0.44713598635790014	4.8520002365112305	36	5786	122483563	122489385	2	12:122489347-122489383	12:122483563-122489385
12	128808625	128808787	ENST00000266771_1	162	-	128808625	128808787	0	1	162	0	ENST00000266771	162	-21.607382684486147	-16.24334579522227	-1.3016666775557821	-8.419800013303757	-13.564941083947007	-13.564941083947007	-0.8009906409593905	7.855999946594238	162	7616	128801009	128808787	2	12:128808625-128808787	12:128801009-128808787
13	28672432	28672471	ENST00000380842_1	39	+	28672432	28672471	0	1	39	0	ENST00000380842	39	-20.043076808636005	-20.043076808636005	0.5625897347927094	-18.690599727630616	-18.516007846992046	-17.758409388605696	0.024557998780416628	4.638000011444092	39	5563	28672432	28678034	2	13:28672432-28672471	13:28672432-28678034
13	110627547	110627637	ENST00000680254_1	90	+	110627547	110627637	0	1	90	0	ENST00000680254	90	-18.469300092260042	-18.469300092260042	-0.6045333355251286	-12.848300138115883	-9.396126769453522	-9.18474907108281	-0.3092332258639127	6.367500066757202	90	6907	110627547	110634544	1	13:110627547-110627637	13:110627547-110634544
13	114286631	114286709	ENST00000375299_1	78	+	114286631	114286709	0	1	78	0	ENST00000375299	78	-28.26065376515572	-27.566256399338062	0.25170513328451377	-22.498200067877768	-15.193964378899684	-14.480610454032712	-0.33878679722255234	3.7875001430511475	78	4781	114286629	114291488	3	13:114286631-114286709	13:114286629-114291488
13	20431891	20432101	ENST00000298248_1	210	-	20431891	20432101	0	1	210	0	ENST00000298248	210	-18.598742953794343	-18.598742953794343	-0.34866507361758875	-8.523099920153618	-20.301417437201312	-20.301417437201312	-0.3740493424053799	10.031999588012695	210	18504	20413387	20432101	2	13:20431891-20432101	13:20413387-20432101
14	23324052	23324079	ENST00000216727_1	27	+	23324052	23324079	0	1	27	0	ENST00000216727	27	-30.128555642233955	-26.108814906190943	1.4337036837306287		-28.96568949674738	-28.96568949674738	0.29174139283212097	-20.134599816799163	27	58	23324052	23324137	1	14:23324052-23324079	14:23324052-23324137
14	70969110	70969170	ENST00000304743_1	60	+	70969110	70969170	0	1	60	0	ENST00000304743	60	-35.407900121808055	-31.258550103505453	0.693133338818249	-24.27909970879555	-21.806565976611086	-21.333381208304775	0.16213538428248211	1.4079999923706055	60	7771	70969110	70976941	1	14:70969110-70969170	14:70969110-70976941
14	101882271	101882289	ENST00000694906_1	18	+	101882271	101882289	0	1	18	0	ENST00000694906	18	-19.789833307266235	-0.9603332214885287	1.2891111216611333		-24.602795671547966	-24.602795671547966	-0.7257629375434558	-3.8496999979019164	18	967	101882271	101883256	1	14:101882271-101882289	14:101882271-101883256
14	20459375	20459387	ENST00000250489_1	12	-	20459375	20459387	0	1	12	0	ENST00000250489	12	-7.594250202178955	-6.942666689554851	4.401583348711331		-28.55918970892701	-25.352949706436714	0.8089113990198585	-17.523766334851583	12	79	20459296	20459387	3	14:20459375-20459387	14:20459296-20459387
14	21500765	21500912	ENST00000298717_1	147	-	21500765	21500912	0	1	147	0	ENST00000298717	147	-28.578612072355284	-22.143700737430123	1.4323301924181715	-17.892499959468843	-15.722843276448996	-11.409939655338425	2.690228941163093	-8.674200081825257	147	83	21500682	21500912	3	14:21500765-21500912	14:21500682-21500912
14	70592852	70592879	ENST00000256379_1	27	-	70592852	70592879	0	1	27	0	ENST00000256379	27	-18.78766706254747	-18.78766706254747	1.2375185057106945		-26.14705348945616	-26.115552831683416	0.5407536021114487	4.339000225067139	27	1471	70591381	70592879	3	14:70592852-70592879	14:70591381-70592879
15	66519078	66519159	ENST00000307897_1	81	+	66519078	66519159	0	1	81	0	ENST00000307897	81	-28.119639844894408	-21.21146143399752	0.4409259420440153	-21.820200276374816	-14.206774342704614	-14.00287540588639	-0.5233079122261332	-0.8514000415802002	81	1430	66519078	66520589	1	15:66519078-66519159	15:66519078-66520589
15	75339104	75339155	ENST00000267935_1	51	+	75339104	75339155	0	1	51	0	ENST00000267935	51	-31.220293791855084	-21.077666759490967	-0.018911121206151113	-26.883399486541748	-22.63813888033231	-22.08727785958736	-0.17912962610932515	-6.829899919033051	51	108	75339104	75339263	3	15:75339104-75339155	15:75339104-75339263
15	30974262	30974313	ENST00000435680_1	51	-	30974262	30974313	0	1	51	0	ENST00000435680	51	-40.12205898060518	-20.558529096491196	0.30547059725458714	-34.819000244140625	-26.204496370797624	-26.204496370797624	0.10116481961536569	-3.307299906015396	51	6252	30968010	30974313	1	15:30974262-30974313	15:30968010-30974313
15	41909599	41909698	ENST00000220325_1	99	-	41909599	41909698	0	1	99	0	ENST00000220325	99	-28.265171760260458	-28.265171760260458	-0.640387098925809	-17.999600116411845	-21.348053207487933	-20.807170968506416	-0.1886465381213211	11.49899959564209	99	8418	41901181	41909698	2	15:41909599-41909698	15:41901181-41909698
15	49028335	49028452	ENST00000559471_1	117	-	49028335	49028452	0	1	117	0	ENST00000559471	117	-27.04068356586827	-21.708795030911762	0.4098173858678859	-20.33409974575043	-29.675209286684048	-26.424209535211148	0.8433712583235995	-15.38729977607727	117	167	49028168	49028452	2	15:49028335-49028452	15:49028168-49028452
15	67231765	67231813	ENST00000261880_1	48	-	67231765	67231813	0	1	48	0	ENST00000261880	48	-27.234604169925053	-19.768625166267157	0.8570833435708968	-27.94813362757365	-18.036145420732197	-18.02228777203893	0.023695176817110135	13.821999549865723	48	22221	67209544	67231813	2	15:67231765-67231813	15:67209544-67231813
15	70690393	70690453	ENST00000322954_1	60	-	70690393	70690453	0	1	60	0	ENST00000322954	60	-24.811833289265632	-24.811833289265632	0.3250833300563196	-17.3523999273777	-19.83163370003477	-19.83163370003477	0.2841438809954927	-6.61249988079071	60	2573	70687820	70690453	2	15:70690393-70690453	15:70687820-70690453
15	101286838	101286907	ENST00000254193_1	69	-	101286838	101286907	0	1	69	0	ENST00000254193	69	-37.056825706924215	-21.416725144006204	0.43959420268842275	-33.721000003814694	-24.153477075217513	-24.153477075217513	0.835678901745502	-3.7154000915586947	69	545	101286293	101286907	2	15:101286838-101286907	15:101286293-101286907
15	101644960	101645086	ENST00000333202_1	126	-	101644960	101645086	0	1	126	0	ENST00000333202	126	-30.7908253277105	-27.97787293235934	-0.6327142837468446	-22.65329990386963	-22.469378449089998	-19.40318659523077	-0.4626957709463114	5.986999988555908	126	2316	101642644	101645086	2	15:101644960-101645086	15:101642644-101645086
16	2151909	2151933	ENST00000210187_1	24	+	2151909	2151933	0	1	24	0	ENST00000210187	24	-21.80949991941452	-14.840999891360601	1.2363333307827513		-13.422225895015874	-13.422225895015874	-0.210540570448951	2.9210000038146973	24	887	2151908	2152819	1	16:2151909-2151933	16:2151908-2152819
16	4442420	4442531	ENST00000262375_1	111	+	4442420	4442531	0	1	111	0	ENST00000262375	111	-11.955270161902583	-11.271549518983644	-0.42431531851557464	-3.913399910926819	-17.8343278434166	-17.8343278434166	-0.19704742355478602	-4.946899712085724	111	485	4442420	4443016	3	16:4442420-4442531	16:4442420-4443016
16	16016621	16016663	ENST00000399410_1	42	+	16016621	16016663	0	1	42	0	ENST00000399410	42	-15.606000210557665	-15.606000210557665	0.39545238044645104	-18.213600277900696	-17.006053386712104	-16.762570161135272	-0.5218567337738713	8.627999544143677	42	16445	16016621	16033108	3	16:16016621-16016663	16:16016621-16033108
16	28979471	28979498	ENST00000311008_1	27	+	28979471	28979498	0	1	27	0	ENST00000311008	27	-16.13511101404826	-16.13511101404826	1.7401481272514772		-19.37902825222961	-19.37902825222961	-0.1597299495487365	2.2060000896453857	27	1971	28979471	28981469	3	16:28979471-28979498	16:28979471-28981469
16	31184396	31184651	ENST00000254108_1	255	+	31184396	31184651	0	1	255	0	ENST00000254108	255	-11.980596422038058	-11.980596422038058	-0.3374615358980561	-0.7409999370574951	-19.647677270959566	-17.4776031835154	-0.3034269670652372	-2.0702999740839005	255	287	31184396	31184938	3	16:31184396-31184651	16:31184396-31184938
16	57457015	57457198	ENST00000262507_1	183	+	57457015	57457198	0	1	183	0	ENST00000262507	183	-23.075032681715292	-23.075032681715292	0.5051311512886104	-11.93870015144348	-28.50127584857588	-25.411669589785472	-0.07674780914602128	-13.04520025253296	183	1047	57457015	57458245	2	16:57457015-57457198	16:57457015-57458245
16	28169668	28169749	ENST00000304658_1	81	-	28169668	28169749	0	1	81	0	ENST00000304658	81	-18.02092598102711	-18.02092598102711	0.18280246308832257	-16.432600212097167	-21.594710882004513	-21.594710882004513	-0.03785125043062592	3.999000072479248	81	3083	28166585	28169749	2	16:28169668-28169749	16:28166585-28169749
16	28844589	28844697	ENST00000313511_1	108	-	28844589	28844697	0	1	108	0	ENST00000313511	108	-25.35457451917507	-22.28811436380659	0.15285184912176597	-13.159800124168395	-35.485815797981466	-15.224868460705405	0.8211052666761374	-35.61729994217555	108	38	28844551	28844697	1	16:28844589-28844697	16:28844551-28844697
17	16316712	16316760	ENST00000225609_1	48	+	16316712	16316760	0	1	48	0	ENST00000225609	48	-26.719749927520752	-26.719749927520752	0.8788958267153552	-26.426999866962433	-23.641124244801393	-23.641124244801393	-0.29965373051285615	-8.921700248122216	48	1014	16316712	16317774	1	17:16316712-16316760	17:16316712-16317774
17	18099723	18099783	ENST00000225729_1	60	+	18099723	18099783	0	1	60	0	ENST00000225729	60	-26.455000249296425	-18.157666871945064	0.4364000039815437	-21.595900042355062	-26.539479000707107	-23.786298351489126	-0.38929188173201534	-8.52140007535927	60	579	18099723	18100362	1	17:18099723-18099783	17:18099723-18100362
17	28385277	28385385	ENST00000585482_1	108	+	28385277	28385385	0	1	108	0	ENST00000585482	108	-24.100666779610847	-21.268148312241667	-0.3552962900656793	-11.91089994907379	-17.766312360231964	-17.766312360231964	-0.24625503074074304	-0.09524999372661114	108	2739	28385275	28388122	1	17:28385277-28385385	17:28385275-28388122
17	42569305	42569506	ENST00000435881_1	201	+	42569305	42569506	0	1	201	0	ENST00000435881	201	-25.83598494579765	-25.83598494579765	0.20379412161898525	-7.344799983501434	-3.1470000743865967	-1.8400000035762787	9.89050006866455		201	2	42569303	42569506	2	17:42569305-42569506	17:42569303-42569506
17	47658662	47658686	ENST00000290158_1	24	+	47658662	47658686	0	1	24	0	ENST00000290158	24	-31.97237503528595	-27.04404190182686	0.4504583366215229		-22.02248863924883	-19.82022052447348	-0.02301398639145592	-1.6762499809265137	24	2434	47658660	47661118	3	17:47658662-47658686	17:47658660-47661118
17	49031975	49032023	ENST00000290341_1	48	+	49031975	49032023	0	1	48	0	ENST00000290341	48	-20.320866584777832	-12.131466831101312	0.6773333435024446	-15.756888707478842	-16.176373907160684	-15.50048127150406	-0.20126057771810363	6.504000186920166	48	6146	49031973	49038167	3	17:49031975-49032023	17:49031973-49038167
17	50741731	50741764	ENST00000505658_1	33	+	50741731	50741764	0	1	33	0	ENST00000505658	33	-15.580454242500393	-15.580454242500393	1.4578484805075056	-13.03419973999262	-12.770133079412064	-11.566092212826492	-0.16108569838394268	1.3174998760223389	33	1941	50741731	50743705	2	17:50741731-50741764	17:50741731-50743705
17	63657907	63658018	ENST00000361733_1	111	+	63657907	63658018	0	1	111	0	ENST00000361733	111	-30.728189218688655	-26.10727001310469	0.9518108038852612	-21.99140039086342	-17.069182358744822	-16.299037323600484	0.09694250465817865	11.157999992370605	111	8921	63657907	63666939	2	17:63657907-63658018	17:63657907-63666939
17	2334384	2334471	ENST00000301364_1	87	-	2334384	2334471	0	1	87	0	ENST00000301364	87	-36.08513806332117	-23.982253195225507	0.5924482761785902	-33.92530002593994	-27.366452094725148	-27.366452094725148	0.2544955086492108	-13.72860004901886	87	668	2333716	2334471	1	17:2334384-2334471	17:2333716-2334471
17	7229678	7229807	ENST00000005340_1	129	-	7229678	7229807	0	1	129	0	ENST00000005340	129	-34.303860270699786	-25.333922479272815	-0.4450852784938215	-15.236899971961975					129	0	7229678	7229807	3	17:7229678-7229807	17:7229678-7229807
17	17818970	17819012	ENST00000261646_1	42	-	17818970	17819012	0	1	42	0	ENST00000261646	42	-32.6795003754752	-20.39478566533043	-0.7116428675529148	-25.08249979019165	-25.947303507830632	-25.947303507830632	-0.8021037438860619	-4.183900237083435	42	596	17818374	17819012	3	17:17818970-17819012	17:17818374-17819012
17	21017758	21017941	ENST00000261497_1	183	-	21017758	21017941	0	1	183	0	ENST00000261497	183	-20.36232773951494	-19.258098318195735	-0.6331693930615024	-7.961200070381165	-14.810608350209625	-14.259556804114451	-0.5546103335001713	0.3853999823331833	183	1859	21015899	21017941	2	17:21017758-21017941	17:21015899-21017941
17	37630016	37630028	ENST00000617633_1	12	-	37630016	37630028	0	1	12	0	ENST00000617633	12	-18.356249809265137	-18.356249809265137	1.3907500533387065		-20.130310825536093	-18.625440155271022	-0.11368006038097517	3.8459999561309814	12	1345	37628672	37630029	3	17:37630016-37630028	17:37628672-37630029
17	56898961	56899114	ENST00000316881_1	153	-	56898961	56899114	0	1	153	0	ENST00000316881	153	-28.79422245111341	-28.08670587683845	-0.8352679716235977	-19.809899934132893	-16.00104531019871	-16.00104531019871	-0.6259607313448007	3.9140000343322754	153	3009	56895952	56899114	2	17:56898961-56899114	17:56895952-56899114
17	64485703	64485727	ENST00000539111_1	24	-	64485703	64485727	0	1	24	0	ENST00000539111	24	-21.476708163817722	-13.459500052500516	2.2964583365246654		-16.37215047906747	-16.128865480625723	0.152667921833047	5.535999774932861	24	2704	64482999	64485727	2	17:64485703-64485727	17:64482999-64485727
17	74865864	74866128	ENST00000293195_1	264	-	74865864	74866128	0	1	264	0	ENST00000293195	264	-25.87146584777105	-25.87146584777105	-0.5729596792427343	-13.45479998588562	-34.311261370778084	-27.645325681437615	1.0019130468692468	-30.597000455856325	264	46	74865820	74866130	1	17:74865864-74866128	17:74865820-74866130
17	75243317	75243446	ENST00000537686_1	129	-	75243317	75243446	0	1	129	0	ENST00000537686	129	-26.554976424505544	-22.92075179713641	-0.49891472682212445	-16.235899567604065	-26.478602583045202	-25.405251686936182	-0.18583212486964507	-15.636399960517883	129	151	75243166	75243446	3	17:75243317-75243446	17:75243166-75243446
17	76402027	76402063	ENST00000319380_1	36	-	76402027	76402063	0	1	36	0	ENST00000319380	36	-19.16577795644601	-7.835500041643779	0.4812777581003805	-14.800200114647547	-17.883426041993808	-16.705269507693906	-0.6343656157048422	-1.2192000865936279	36	873	76401154	76402063	2	17:76402027-76402063	17:76401154-76402063
17	81610188	81610209	ENST00000331134_1	21	-	81610188	81610209	0	1	21	0	ENST00000331134	21	-24.602714152563188	-20.453714234488352	1.0757142910290332		-20.306372190016923	-20.306372190016923	-0.1716371681812497	3.969666540622711	21	1366	81608822	81610209	1	17:81610188-81610209	17:81608822-81610209
18	670867	670966	ENST00000323274_1	99	+	670867	670966	0	1	99	0	ENST00000323274	99	-28.4672424287507	-22.928686716941872	-0.20203030871279123	-18.656199741363526	-17.054820888790754	-17.054820888790754	-0.17648668151961067	-3.225500062853098	99	413	670867	671379	2	18:670867-670966	18:670867-671379
18	10534496	10534532	ENST00000322897_1	36	+	10534496	10534532	0	1	36	0	ENST00000322897	36	-27.559416890144348	-21.01147206624349	1.583194435884555	-27.54160017967224	-21.58490226816734	-20.144820931795103	-0.002188849754379645	10.20300006866455	36	5229	10534496	10539761	3	18:10534496-10534532	18:10534496-10539761
18	21664042	21664117	ENST00000289119_1	75	-	21664042	21664117	0	1	75	0	ENST00000289119	75	-25.34038669625918	-22.95311999797821	0.9859866614888112	-13.160900275905927	-21.305389022044942	-19.351264601876785	0.15069803977840496	4.454999923706055	75	4699	21659343	21664117	2	18:21664042-21664117	18:21659343-21664117
19	1421258	1421465	ENST00000233078_1	207	+	1421258	1421465	0	1	207	0	ENST00000233078	207	-22.48532352202079	-17.139117633156918	-0.7902399988821708	-11.063400220870971	-19.048812916020857	-19.048812916020857	-1.405721087892125	-0.9490999341011047	207	882	1421258	1422347	3	19:1421258-1421465	19:1421258-1422347
19	2272820	2272847	ENST00000602676_1	27	+	2272820	2272847	0	1	27	0	ENST00000602676	27	-6.476572036743164	-6.476572036743164	0.7071481604405023		-19.831571441675937	-15.76208682163902	-0.8396209781011191	-0.4226665695508321	27	124	2272820	2272971	3	19:2272820-2272847	19:2272820-2272971
19	10284659	10284722	ENST00000264832_1	63	+	10284659	10284722	0	1	63	0	ENST00000264832	63	-29.40861884469078	-18.672984031457748	-0.11207936925902254	-18.421000081300736	-21.58199990564777	-21.435709741807752	-0.08390323161109982	-16.090599822998048	63	62	10284657	10284782	3	19:10284659-10284722	19:10284657-10284782
19	12948813	12948849	ENST00000586534_1	36	+	12948813	12948849	0	1	36	0	ENST00000586534	36	-20.51441655556361	-9.108305593331655	2.0432499988625445	-16.123999810218812	-22.475883174639243	-22.475883174639243	0.4157186185384726	-10.333700132369994	36	231	12948813	12949080	1	19:12948813-12948849	19:12948813-12949080
19	35160803	35160818	ENST00000392219_1	15	+	35160803	35160818	0	1	15	0	ENST00000392219	15	-43.76320066452026	-18.981999746958415	0.145866655309995		-17.232618249958573	-17.012695584672073	-0.19098589755951614	2.5799999237060547	15	3339	35160801	35164155	3	19:35160803-35160818	19:35160801-35164155
19	38706131	38706371	ENST00000252699_1	240	+	38706131	38706371	0	1	240	0	ENST00000252699	240	-20.933974950015546	-20.933974950015546	-0.687849995031623	-8.435099911689758	-20.357965739738	-20.357965739738	-0.4990199518386058	4.063000202178955	240	1745	38706131	38708116	3	19:38706131-38706371	19:38706131-38708116
19	39485602	39485659	ENST00000607714_1	57	+	39485602	39485659	0	1	57	0	ENST00000607714	57	-18.40194729754799	-18.40194729754799	-0.16094736169958324	-9.484200191497802	-44.453679186957224	-20.6507853780474	0.3237142921425402		57	28	39485602	39485687	2	19:39485602-39485659	19:39485602-39485687
19	41869753	41869924	ENST00000598742_1	171	+	41869753	41869924	0	1	171	0	ENST00000598742	171	-12.805034953120508	-12.805034953120508	-0.19731578939425493	-5.508999967575074	-13.074841786817471	-13.002373221462229	-0.3921832528395106	4.4070000648498535	171	1426	41869753	41871350	2	19:41869753-41869924	19:41869753-41871350
19	46383477	46383696	ENST00000012443_1	219	+	46383477	46383696	0	1	219	0	ENST00000012443	219	-20.206246563833055	-20.206246563833055	-0.08364840279243989	-7.661699843406677	-12.53340471846362	-5.231035756213324	3.884976186501306	1.7408000014722347	219	84	46383476	46383779	1	19:46383477-46383696	19:46383476-46383779
19	3055402	3055663	ENST00000327141_1	261	-	3055402	3055663	0	1	261	0	ENST00000327141	261	-14.011011752278305	-14.011011752278305	-0.08702299351602351	-2.459400010108948	-17.594924763231273	-17.594924763231273	-0.6283769810641592	-0.7602999567985534	261	1208	3054194	3055663	2	19:3055402-3055663	19:3054194-3055663
19	5941509	5941620	ENST00000340578_1	111	-	5941509	5941620	0	1	111	0	ENST00000340578	111	-28.897925862559564	-14.33380557431115	-0.4594414478948189	-21.24266665511661	-16.891344541809204	-16.891344541809204	-0.3850683267272068	3.9505000077188015	111	8030	5933479	5941620	1	19:5941509-5941620	19:5933479-5941620
19	39839022	39839034	ENST00000221801_1	12	-	39839022	39839034	0	1	12	0	ENST00000221801	12	-44.88016645113627	-12.645500113566717	2.964666639765104		-20.008212088020336	-20.008212088020336	-0.5324098841570789	-0.6012000173330307	12	1179	39837843	39839034	1	19:39839022-39839034	19:39837843-39839034
19	43194301	43194337	ENST00000405312_1	36	-	43194301	43194337	0	1	36	0	ENST00000405312	36	-7.486138818992509	-5.096750033398469	-1.5715000172042184	-6.810899899403254	-13.633758256336053	-7.135781478481133	-0.5757431682977886	NaN	36	915	43193388	43194339	2	19:43194301-43194337	19:43193388-43194339
2	37241791	37241860	ENST00000002125_1	69	+	37241791	37241860	0	1	69	0	ENST00000002125	69	-18.67382610362509	-18.67382610362509	0.560608685421555	-10.722500133514405	-27.234330692436117	-27.221673307927997	-0.021720053139839973	-9.027800178527832	69	774	37241791	37242634	2	2:37241791-37241860	2:37241791-37242634
2	85541972	85542062	ENST00000306434_1	90	+	85541972	85542062	0	1	90	0	ENST00000306434	90	-27.90563340584437	-18.57604426542918	0.34236666516711317	-23.05629998445511	-27.170173672878224	-25.681130563759286	0.18407608252828536	-18.384800148010253	90	92	85541972	85542154	3	2:85541972-85542062	2:85541972-85542154
2	134942674	134942689	ENST00000264157_1	15	+	134942674	134942689	0	1	15	0	ENST00000264157	15	-16.731799925863744	-5.472733688354492	4.353933290640513		-22.147148249218834	-22.042448929017407	1.6704929198678087	4.972299951314926	15	3411	134942674	134946100	2	2:134942674-134942689	2:134942674-134946100
2	162356905	162356965	ENST00000437150_1	60	+	162356905	162356965	0	1	60	0	ENST00000437150	60	-34.72375011444092	-28.67556639214357	0.9671499968816837	-32.922399806976316	-27.392285278599307	-26.01978009553757	0.23860009553601572	-5.9714000582695	60	2078	162356905	162359043	2	2:162356905-162356965	2:162356905-162359043
2	173363897	173363966	ENST00000306721_1	69	+	173363897	173363966	0	1	69	0	ENST00000306721	69	-26.67082587532375	-26.67082587532375	0.3499833237418594	-20.751399970054628	-29.74452888084104	-28.216683212077605	-0.11494471635343392	-15.771200180053711	69	830	173363895	173364794	3	2:173363897-173363966	2:173363895-173364794
2	197540437	197540461	ENST00000323303_1	24	+	197540437	197540461	0	1	24	0	ENST00000323303	24	-17.71287441253662	-16.869166990121204	2.6642499594017863		-12.821792738913256	-12.821792738913256	0.01517367313447564	4.929999828338623	24	7874	197540437	197548335	2	2:197540437-197540461	2:197540437-197548335
2	210017559	210017586	ENST00000359429_1	27	+	210017559	210017586	0	1	27	0	ENST00000359429	27	-23.834666675991482	-12.458481559046993	1.7685185041692522		-20.15213226563828	-20.15213226563828	0.21135370068396558	21.533300137519838	27	3000	210016641	210019668	1	2:210017559-210017586	2:210016641-210019668
2	227524915	227525038	ENST00000310078_1	123	+	227524915	227525038	0	1	123	0	ENST00000310078	123	-25.944365780528	-24.83645543746832	0.17406503645309468	-19.72720001935959	-19.046466143928882	-19.046466143928882	0.23214583336442637	-1.150933305422465	123	6052	227524915	227531090	2	2:227524915-227525038	2:227524915-227531090
2	241654649	241654769	ENST00000404914_1	120	+	241654649	241654769	0	1	120	0	ENST00000404914	120	-27.508564120683914	-21.516058655083178	-0.7574166634740929	-18.551900124549867	-12.655737139676939	-12.600708979310298	-0.6178650080970032	4.368000030517578	120	11877	241654647	241666644	3	2:241654649-241654769	2:241654647-241666644
2	20034954	20034966	ENST00000175091_1	12	-	20034954	20034966	0	1	12	0	ENST00000175091	12	-24.07783309618632	-24.07783309618632	1.9878333018471797		-26.64985341569046	-26.111239409561446	0.0762817543860327	-9.312999933958054	12	539	20034415	20034966	1	2:20034954-20034966	2:20034415-20034966
2	28851038	28851071	ENST00000306108_1	33	-	28851038	28851071	0	1	33	0	ENST00000306108	33	-18.391908992420543	-18.391908992420543	1.5964242492689553	-18.584699821472167	-26.03778936817315	-26.03778936817315	0.9391146502036759	-13.39144410027398	33	633	28850405	28851071	3	2:28851038-28851071	2:28850405-28851071
2	38747980	38748046	ENST00000313117_1	66	-	38747980	38748046	0	1	66	0	ENST00000313117	66	-27.490697035283752	-21.110970030679848	2.4679697014842974	-18.889500200748444	-24.38930229409263	-24.38930229409263	-0.42159967498099427	-4.594000214338303	66	1233	38746747	38748046	2	2:38747980-38748046	2:38746747-38748046
2	43976942	43976993	ENST00000260665_1	51	-	43976942	43976993	0	1	51	0	ENST00000260665	51	-24.69082345682032	-24.69082345682032	0.7106666615525005	-18.23820004463196	-26.43992331686472	-26.1069276120642	0.5627910236378696	-10.84849999845028	51	713	43976229	43976993	3	2:43976942-43976993	2:43976229-43976993
2	47161677	47161722	ENST00000272298_1	45	-	47161677	47161722	0	1	45	0	ENST00000272298	45	-32.11493291325039	-24.541133393181696	0.2725777794710464	-31.163299465179442	-27.626801198999782	-24.878846695268056	0.27619058692389553	-11.66529984474182	45	873	47160804	47161722	1	2:47161677-47161722	2:47160804-47161722
2	61394831	61394852	ENST00000398571_1	21	-	61394831	61394852	0	1	21	0	ENST00000398571	21	-24.16485663822719	-24.16485663822719	3.43457141004148		-13.627497346389328	-13.627497346389328	-0.1487944333266374	3.3407777465052075	21	11495	61383336	61394852	3	2:61394831-61394852	2:61383336-61394852
2	61878829	61878868	ENST00000394440_1	39	-	61878829	61878868	0	1	39	0	ENST00000394440	39	-29.323077360788982	-21.54661565560561	0.7213333235241663	-28.24386715888977	-21.56184185059465	-21.56184185059465	-0.06093840576166521	-7.925199837982655	39	1315	61877514	61878868	2	2:61878829-61878868	2:61877514-61878868
2	65088824	65088938	ENST00000409784_1	114	-	65088824	65088938	0	1	114	0	ENST00000409784	114	-28.875473569490406	-26.207517537631485	0.36034209739923345	-17.923100082576276	-17.830145981674914	-17.73852189510044	0.23011827496285836	17.457500052452087	114	9166	65088690	65097970	3	2:65088824-65088938	2:65088690-65097970
2	68138684	68138741	ENST00000295121_1	57	-	68138684	68138741	0	1	57	0	ENST00000295121	57	-37.5380526592857	-22.999842284018534	1.047333328902983	-35.501100063323975	-17.518605279285264	-16.816593916647264	-0.05005435706049258	1.5691429546901159	57	1251	68137433	68138741	3	2:68138684-68138741	2:68137433-68138741
2	174141797	174141824	ENST00000284719_1	27	-	174141797	174141824	0	1	27	0	ENST00000284719	27	-19.004999743567573	-14.371778036709186	2.5627777493662305		-18.144696781564143	-17.445292183139046	0.7831528947108746	6.074500036239624	27	18122	174123675	174141824	3	2:174141797-174141824	2:174123675-174141824
2	201636599	201636746	ENST00000409883_1	147	-	201636599	201636746	0	1	147	0	ENST00000409883	147	-25.405898074714504	-25.405898074714504	0.3606938717856712	-10.69580010175705	-21.57425974910435	-21.401915551318424	0.14486679311768524	4.043500065803528	147	3169	201633431	201636747	3	2:201636599-201636746	2:201633431-201636747
2	238188112	238188130	ENST00000254654_1	18	-	238188112	238188130	0	1	18	0	ENST00000254654	18	-6.475333015124003	-6.475333015124003	1.5830555573726695		-18.64084489572189	-16.471692341597723	-0.5106862543990298	13.704000473022461	18	2825	238185287	238188130	2	2:238188112-238188130	2:238185287-238188130
20	38988917	38988944	ENST00000252011_1	27	+	38988917	38988944	0	1	27	0	ENST00000252011	27	-35.55022303263346	-3.4047777387830944	1.3151481746247522		-23.468060385795077	-21.88958012963931	-0.03803952323142012	7.765999794006348	27	2509	38988917	38991453	3	20:38988917-38988944	20:38988917-38991453
20	62962754	62962829	ENST00000370351_1	75	+	62962754	62962829	0	1	75	0	ENST00000370351	75	-21.400479879379272	-21.400479879379272	-0.4551866609851519	-6.577799987792969	-20.616868649296084	-20.616868649296084	-1.3605936799515312	-6.980000087618828	75	443	62962754	62963272	3	20:62962754-62962829	20:62962754-62963272
20	33412132	33412294	ENST00000217381_1	162	-	33412132	33412294	0	1	162	0	ENST00000217381	162	-25.144185184328645	-25.144185184328645	0.45157407209374884	-17.576299721002577	-24.89182769930536	-24.89182769930536	0.18397169769127864	-7.259299927949906	162	1802	33410331	33412295	2	20:33412132-33412294	20:33410331-33412295
20	50127795	50127972	ENST00000371652_1	177	-	50127795	50127972	0	1	177	0	ENST00000371652	177	-18.457559349173206	-18.457559349173206	-0.7434406778775156	-6.330300033092499	-17.830900383929844	-17.68780387945138	-0.027327234525320737	10.927000045776367	177	30977	50096820	50127974	1	20:50127795-50127972	20:50096820-50127974
20	62138113	62138170	ENST00000370873_1	57	-	62138113	62138170	0	1	57	0	ENST00000370873	57	-31.26180723989219	-18.84215760231018	-0.9652982397462454	-30.626200580596922	-22.251226755547094	-19.711582883011957	-0.8432994115648511	-5.986200010776519	57	687	62137426	62138170	2	20:62138113-62138170	20:62137426-62138170
21	33559376	33559496	ENST00000356577_1	120	+	33559376	33559496	0	1	120	0	ENST00000356577	120	-27.536074981093407	-27.536074981093407	1.0074916599628827	-16.74830026626587	-29.798333581288656	-22.802866680092283	0.7609333343596922	-20.1377001285553	120	90	33559376	33559586	3	21:33559376-33559496	21:33559376-33559586
21	38814981	38815020	ENST00000360938_1	39	+	38814981	38815020	0	1	39	0	ENST00000360938	39	-6.624538403290969	-6.624538403290969	-0.13494872726882115	-3.403399920463562	-22.927283810545614	-22.927283810545614	-0.6538795419859381	9.444999694824219	39	1987	38814981	38817007	1	21:38814981-38815020	21:38814981-38817007
21	43095179	43095437	ENST00000291552_1	258	-	43095179	43095437	0	1	258	0	ENST00000291552	258	-15.023560074170431	-11.126093329853482	-1.181028578274085	-5.030571460723877	-22.85799992541214	-20.97790916523376	-0.9496769210804278	-14.03829991519451	258	391	43094788	43095437	3	21:43095179-43095437	21:43094788-43095437
22	49962867	49962921	ENST00000360612_1	54	+	49962867	49962921	0	1	54	0	ENST00000360612	54	-21.335777615507443	-21.335777615507443	-1.3317037041264552	-14.743100121617317	-19.10530035495758	-19.10530035495758	-0.2578000083565712		54	20	49962865	49962939	1	22:49962867-49962921	22:49962865-49962939
22	27897066	27897129	ENST00000335272_1	63	-	27897066	27897129	0	1	63	0	ENST00000335272	63	-27.597920219103496	-21.394412840169572	1.4078254084442816	-21.12659943898519	-24.799665932695973	-24.799665932695973	0.49490681320920965	-7.360899877548218	63	440	27896626	27897129	1	22:27897066-27897129	22:27896626-27897129
22	35777964	35778024	ENST00000695854_1	60	-	35777964	35778024	0	1	60	0	ENST00000695854	60	-25.591633284091948	-19.141350281238555	1.90354384723724	-22.32323311964671	-23.3873906178515	-23.375890090416494	0.5584959088463616	5.1579999923706055	60	13190	35768349	35781599	1	22:35777964-35778024	22:35768349-35781599
22	50256835	50256934	ENST00000215659_1	99	-	50256835	50256934	0	1	99	0	ENST00000215659	99	-17.339979812803893	-14.161757512526078	-0.12740205704551383	-12.320299903551737	-27.46018516071259	-21.499107502400875	-0.8133000031831519	-18.28299996058146	99	189	50256646	50256934	2	22:50256835-50256934	22:50256646-50256934
3	73061060	73061138	ENST00000356692_1	78	+	73061060	73061138	0	1	78	0	ENST00000356692	78	-22.417079965472222	-22.417079965472222	0.9598205098583816	-12.944666650560167	-21.678525942382013	-21.087386902940928	-0.07302245543527498	0.7884000301361084	78	2534	73061060	73063672	3	3:73061060-73061138	3:73061060-73063672
3	141916020	141916077	ENST00000286371_1	57	+	141916020	141916077	0	1	57	0	ENST00000286371	57	-12.509736698709036	-12.509736698709036	1.1155263167854987	-10.894299829006195	-17.953341069230873	-17.317595006131715	-0.15986585618713262	5.718500137329102	57	5899	141916020	141921976	1	3:141916020-141916077	3:141916020-141921976
3	169983253	169983271	ENST00000337002_1	18	+	169983253	169983271	0	1	18	0	ENST00000337002	18	-13.197499910990397	-13.197499910990397	1.7956110986673997		-22.379456323359605	-22.312757892278913	0.3959866169256982	0.9399999976158142	18	2533	169983253	169985804	2	3:169983253-169983271	3:169983253-169985804
3	184302071	184302185	ENST00000310118_1	114	+	184302071	184302185	0	1	114	0	ENST00000310118	114	-30.73881582719715	-26.554727911687735	0.21662281071277042	-22.089500260353088	-26.320842345123705	-26.320842345123705	0.38940645257431655	-15.307999765872955	114	184	184302071	184302369	3	3:184302071-184302185	3:184302071-184302369
3	48182904	48182928	ENST00000302506_1	24	-	48182904	48182928	0	1	24	0	ENST00000302506	24	-47.444333573182426	-27.835041500627995	0.7765000158930585		-21.80826003566811	-21.018270585124707	-0.15093197310646586	-1.881099995225668	24	2064	48180840	48182928	1	3:48182904-48182928	3:48180840-48182928
3	52528331	52528445	ENST00000422318_1	114	-	52528331	52528445	0	1	114	0	ENST00000422318	114	-30.467298050721485	-26.35489476903489	-0.013736845394433067	-21.359466568628946	-40.4112494289875	-28.920999816060068	0.453950022906065		114	20	52528311	52528445	3	3:52528331-52528445	3:52528311-52528445
3	58431403	58431592	ENST00000302746_1	189	-	58431403	58431592	0	1	189	0	ENST00000302746	189	-13.26102036481001	-11.744616918530024	0.039275130021100044	-1.4509999752044678	-12.254892681502714	-10.338628995294068	0.013878524987534125	2.6262499690055847	189	461	58430942	58431592	2	3:58431403-58431592	3:58430942-58431592
3	109330374	109330521	ENST00000335658_1	147	-	109330374	109330521	0	1	147	0	ENST00000335658	147	-18.66542864818962	-17.821619063818535	-0.6440884346985036	-10.072500002384185	-15.263109387475618	-14.599757134050309	-0.6369744855607764	-3.3250000020489097	147	1288	109329088	109330523	1	3:109330374-109330521	3:109329088-109330523
3	120652534	120652591	ENST00000283871_1	57	-	120652534	120652591	0	1	57	0	ENST00000283871	57	-30.569105520060187	-10.24989466499864	1.2885438553466086	-28.213300243020058	-28.5667346477115	-28.41947058433083	0.3441569800432152	-11.210900056362153	57	1669	120650865	120652591	2	3:120652534-120652591	3:120650865-120652591
3	121644691	121644817	ENST00000314583_1	126	-	121644691	121644817	0	1	126	0	ENST00000314583	126	-28.85128573008946	-28.85128573008946	0.05412799641489983	-17.840299987792967	-25.208156235211696	-25.208156235211696	0.12011716554353835	-3.3756668170293174	126	1710	121642981	121644817	2	3:121644691-121644817	3:121642981-121644817
3	123955761	123955842	ENST00000409697_1	81	-	123955761	123955842	0	1	81	0	ENST00000409697	81	-25.398950689368778	-25.398950689368778	1.109506166919514	-17.64380001425743	-23.03514642003002	-22.56564789708902	0.4461497371881765	-4.02050017118454	81	6832	123949132	123956045	1	3:123955761-123955842	3:123949132-123956045
3	157152159	157152174	ENST00000295926_1	15	-	157152159	157152174	0	1	15	0	ENST00000295926	15	-18.734600083033243	-17.152800178527833	5.020466605822246		-17.20349518818069	-16.57322977711813	3.550008412303725	3.178100049495697	15	1780	157150381	157152176	1	3:157152159-157152174	3:157150381-157152176
3	179593752	179593764	ENST00000476781_1	12	-	179593752	179593764	0	1	12	0	ENST00000476781	12	-26.690332638720673	-14.689916888872782	1.9127499694004655		-24.43756901792157	-24.43756901792157	0.17028923901586324	-5.4243999242782595	12	1013	179592739	179593764	1	3:179593752-179593764	3:179592739-179593764
4	41261800	41261830	ENST00000284440_1	30	+	41261800	41261830	0	1	30	0	ENST00000284440	30	-50.81190032958985	-25.29949992497762	0.353500001768892	-50.81190032958985	-27.34793316523234	-27.34793316523234	0.24817778426739906	-25.497499799728395	30	45	41261800	41261875	2	4:41261800-41261830	4:41261800-41261875
4	88043457	88043559	ENST00000237596_1	102	+	88043457	88043559	0	1	102	0	ENST00000237596	102	-29.092911702745102	-29.092911702745102	-0.3944411718962239	-20.815799951553345	-24.75348924070948	-24.227701038431867	-0.500768175635925	2.5980000495910645	102	3082	88043457	88046641	1	4:88043457-88043559	4:88043457-88046641
4	98379165	98379177	ENST00000408927_1	12	+	98379165	98379177	0	1	12	0	ENST00000408927	12	-1.1087497472763062	-1.1087497472763062	6.627666679521401		-21.959145877394146	-21.619547794041402	0.3628321313252964	8.513500094413757	12	51863	98352601	98404476	1	4:98379165-98379177	4:98352601-98404476
4	2250937	2251081	ENST00000337190_1	144	-	2250937	2251081	0	1	144	0	ENST00000337190	144	-21.928624997536343	-18.37609032003416	-0.705097223586765	-5.624399948120117	-30.472413703349645	-23.59976297071011	-0.4251983129436087	-9.022199881076812	144	238	2250701	2251083	2	4:2250937-2251081	4:2250701-2251083
4	4457160	4457190	ENST00000306200_1	30	-	4457160	4457190	0	1	30	0	ENST00000306200	30	-11.789899794260661	-10.23569996356964	0.9887000360681365	-11.789899794260661	-14.472086841167629	-14.133621127179593	-0.251951364186059	4.488999843597412	30	18651	4438509	4457190	1	4:4457160-4457190	4:4438509-4457190
4	174495448	174495547	ENST00000296522_1	99	-	174495448	174495547	0	1	99	0	ENST00000296522	99	-37.48303031198906	-26.910242597262066	-0.03469696825821743	-29.18450002670288	-28.82449418363047	-26.504481788507686	0.2147011961046924	-6.051600050926209	99	3354	174492094	174495547	2	4:174495448-174495547	4:174492094-174495547
5	6742597	6742762	ENST00000230859_1	165	+	6742597	6742762	0	1	165	0	ENST00000230859	165	-15.612199940464713	-15.612199940464713	-0.6281030297194692	-7.198599886894226	-20.36899144092833	-19.656382079066244	-0.9112849521867905	-2.379200053215027	165	949	6742597	6743711	2	5:6742597-6742762	5:6742597-6743711
5	14687646	14687661	ENST00000284274_1	15	+	14687646	14687661	0	1	15	0	ENST00000284274	15	-18.99200048446655	-11.86200008392334	1.3188666917383671		-25.182864564338125	-25.182864564338125	-0.08210816513732277	-8.085299915075302	15	2377	14687646	14690038	1	5:14687646-14687661	5:14687646-14690038
5	34937631	34937925	ENST00000648817_1	294	+	34937631	34937925	0	1	294	0	ENST00000648817	294	-23.78274489391823	-19.288105471604535	-0.575587191778066	-2.845699942111969	-20.778805047453204	-20.778805047453204	-0.287436820926933	0.09299999144342211	294	933	34937630	34938857	1	5:34937631-34937925	5:34937630-34938857
5	36168447	36168516	ENST00000274255_1	69	+	36168447	36168516	0	1	69	0	ENST00000274255	69	-17.39760865335879	-17.39760865335879	0.6075797121772759	-7.852900266647339	-23.383355027527948	-19.705680404806845	-0.059199432041350517	-1.212833325068156	69	1827	36168447	36170343	1	5:36168447-36168516	5:36168447-36170343
5	65572286	65572301	ENST00000261308_1	15	+	65572286	65572301	0	1	15	0	ENST00000261308	15	-16.615600395202637	-13.863933086395264	4.963200016816457		-20.32915065240536	-20.32915065240536	0.09079758524588022	0.9932999730110168	15	4577	65572286	65576878	3	5:65572286-65572301	5:65572286-65576878
5	110748263	110748293	ENST00000355943_1	30	+	110748263	110748293	0	1	30	0	ENST00000355943	30	-21.086799669265748	-16.630666478474936	1.2681333504617214	-21.086799669265748	-21.38469278229967	-20.879239640082215	0.03432247094679197	0.3356666564941406	30	7171	110748263	110755464	3	5:110748263-110748293	5:110748263-110755464
5	134388413	134388428	ENST00000265339_1	15	+	134388413	134388428	0	1	15	0	ENST00000265339	15	-27.460399913787843	-17.495733229319253	2.8180666297674177		-18.585859917942994	-18.585859917942994	-0.05224943105488571	0.950399911403656	15	1796	134388413	134390224	3	5:134388413-134388428	5:134388413-134390224
5	134773863	134773929	ENST00000452510_1	66	+	134773863	134773929	0	1	66	0	ENST00000452510	66	-34.36190943284468	-26.836075802644093	0.3917727298932291	-32.686300373077394	-17.94837368234603	-17.94837368234603	-0.22213114701475659	5.801000118255615	66	3646	134773861	134777573	1	5:134773863-134773929	5:134773861-134777573
5	138379708	138379753	ENST00000314358_1	45	+	138379708	138379753	0	1	45	0	ENST00000314358	45	-29.958666614691417	-17.825711091359455	1.2099111021392874	-21.345399576425553	-18.6070591105454	-17.30724616284361	-0.09941162951114631	0.3649999809761842	45	1762	138379708	138381515	2	5:138379708-138379753	5:138379708-138381515
5	179825226	179825259	ENST00000389805_1	33	+	179825226	179825259	0	1	33	0	ENST00000389805	33	-25.93354571949352	-24.138515299016778	1.2587272411381656	-27.99000029563904	-15.093679576772693	-14.911588703303616	-0.34587699353755386	4.875499963760376	33	7772	179825226	179833031	1	5:179825226-179825259	5:179825226-179833031
5	1488354	1488390	ENST00000283415_1	36	-	1488354	1488390	0	1	36	0	ENST00000283415	36	-40.55683322747549	-27.128388749228584	0.2532222312616391	-38.327699995040895	-8.044235589001216	-8.044235589001216	-0.4863286015201301	5.144000053405762	36	4868	1483486	1488390	1	5:1488354-1488390	5:1483486-1488390
5	140678932	140679001	ENST00000504156_1	69	-	140678932	140679001	0	1	69	0	ENST00000504156	69	-24.19994202731312	-20.871217416680377	0.7628260817635211	-23.45903346935908	-21.417407475244552	-18.34984965733628	0.2906449503661209	-0.2947499640285969	69	977	140678015	140679061	2	5:140678932-140679001	5:140678015-140679061
5	177302274	177302394	ENST00000303251_1	120	-	177302274	177302394	0	1	120	0	ENST00000303251	120	-29.241775038838387	-23.805258482011656	0.28928333192598077	-10.998500210046767	-13.442908119182198	-13.442908119182198	1.5846428544621687	-8.526799893379211	120	98	177302178	177302396	1	5:177302274-177302394	5:177302178-177302396
5	177515841	177515928	ENST00000330503_1	87	-	177515841	177515928	0	1	87	0	ENST00000330503	87	-26.24455188882762	-26.24455188882762	0.3528505721003695	-23.27650032043457	-17.24999979734421	-17.24999979734421	1.1607000071555376		87	20	177515821	177515928	1	5:177515841-177515928	5:177515821-177515928
5	181238949	181239066	ENST00000512805_1	117	-	181238949	181239066	0	1	117	0	ENST00000512805	117	-16.222948816724312	-16.222948816724312	-0.3867090907117183	-6.150400140881539	-22.73335902800946	-21.797873094961457	-0.4756589931064024	1.503000020980835	117	710	181238239	181239066	1	5:181238949-181239066	5:181238239-181239066
6	3137493	3137511	ENST00000380379_1	18	+	3137493	3137511	0	1	18	0	ENST00000380379	18	-19.815500338872273	-13.386666850911247	1.5881666309303708		-24.849184300332414	-20.643378604496743	0.21717983650575792	-10.160100062688192	18	600	3137422	3138040	1	6:3137493-3137511	6:3137422-3138040
6	30491655	30491715	ENST00000376630_1	60	+	30491655	30491715	0	1	60	0	ENST00000376630	60	-13.11720006465912	-9.94616666312019	-2.755448255752181	-8.782100057601928	-11.378635420479501	-11.378635420479501	-3.9284850435670626	6.563000202178955	60	690	30491653	30492403	1	6:30491655-30491715	6:30491653-30492403
6	35470351	35470420	ENST00000322203_1	69	+	35470351	35470420	0	1	69	0	ENST00000322203	69	-19.71082609632741	-15.668550759229971	-0.06026085516086955	-16.84019969701767	-24.19319222523616	-19.949025664574062	-0.5520943437392513	-13.981777846813202	69	159	35470351	35470579	2	6:35470351-35470420	6:35470351-35470579
6	38116741	38116861	ENST00000287218_1	120	+	38116741	38116861	0	1	120	0	ENST00000287218	120	-27.338461527457603	-18.9815041804925	0.022708330769091845	-17.616600012779237	-21.530090691626977	-21.357805236508355	0.11105073045343491	8.380999565124512	120	35375	38116739	38152234	2	6:38116741-38116861	6:38116739-38152234
6	87606023	87606257	ENST00000392844_1	234	+	87606023	87606257	0	1	234	0	ENST00000392844	234	-27.509320387473473	-27.509320387473473	0.11436751649046364	-14.26900019645691	-17.919773263997087	-17.919773263997087	0.18935807036430458	1.8710001111030579	234	1417	87606021	87607672	3	6:87606023-87606257	6:87606021-87607672
6	125253755	125253782	ENST00000534000_1	27	+	125253755	125253782	0	1	27	0	ENST00000534000	27	-15.406777726279365	-13.728074427004215	2.8139629159812576		-28.309226999123908	-28.309226999123908	0.3219659397935171	0.7867500060237944	27	3315	125253755	125257097	3	6:125253755-125253782	6:125253755-125257097
6	30554451	30554574	ENST00000376621_1	123	-	30554451	30554574	0	1	123	0	ENST00000376621	123	-35.14184525924	-22.200048815913316	0.08931706806387359	-20.511099553108217	-27.473206925114212	-27.473206925114212	-0.28836405912904306	-10.299200282990933	123	894	30553557	30554574	1	6:30554451-30554574	6:30553557-30554574
6	79202262	79202274	ENST00000344726_1	12	-	79202262	79202274	0	1	12	0	ENST00000344726	12	-9.75450008114179	-1.505749884992838	4.269250116000573		-14.504589981995652	-14.504589981995652	2.8984723116424673	7.94780011177063	12	578	79201726	79202316	1	6:79202262-79202274	6:79201726-79202316
6	83038400	83038415	ENST00000369747_1	15	-	83038400	83038415	0	1	15	0	ENST00000369747	15	-9.205799770355224	-7.1687999566396075	3.6239333391189574		-19.657158264815056	-19.1354234679867	0.20993536378336367	NaN	15	6090	83032310	83038415	3	6:83038400-83038415	6:83032310-83038415
6	155285118	155285157	ENST00000367166_1	39	-	155285118	155285157	0	1	39	0	ENST00000367166	39	-20.021692633628845	-20.021692633628845	0.26274288291045067	-18.21350040435791	-20.408984334166835	-19.307493047158477	-0.11019910210646786	6.848999977111816	39	24718	155260400	155285157	1	6:155285118-155285157	6:155260400-155285157
6	159785355	159785385	ENST00000321394_1	30	-	159785355	159785385	0	1	30	0	ENST00000321394	30	-14.870533386866251	-14.870533386866251	1.8503666597728927	-14.870533386866251	-19.958958732641555	-18.318981401699265	-0.1244780683671451	-4.737875074148178	30	508	159784847	159785385	1	6:159785355-159785385	6:159784847-159785385
7	248432	248543	ENST00000313766_1	111	+	248432	248543	0	1	111	0	ENST00000313766	111	-6.9033214428595135	-6.666250084837277	-1.0530000025100235	0.7603333791097006	-13.58491300338493	-13.571999516255921	-0.7701164375485402	6.863999843597412	111	7307	248430	255848	3	7:248432-248543	7:248430-255848
7	2363762	2363876	ENST00000360876_1	114	+	2363762	2363876	0	1	114	0	ENST00000360876	114	-22.3298685017385	-18.504157946820843	-0.19171717210738648	-11.280499815940857	-14.650592733737192	-14.195874141541989	-0.40807758643119274	1.2991667588551838	114	497	2363760	2364371	3	7:2363762-2363876	7:2363760-2364371
7	16779116	16779203	ENST00000262067_1	87	+	16779116	16779203	0	1	87	0	ENST00000262067	87	-27.54600001409136	-26.951482652247638	-0.09949425635217078	-21.805000138282775	-20.342252317964125	-19.96840070651578	-0.09185263138669922	1.0490000247955322	87	4213	16779116	16783416	3	7:16779116-16779203	7:16779116-16783416
7	56056414	56056435	ENST00000275603_1	21	+	56056414	56056435	0	1	21	0	ENST00000275603	21	-22.09485718182155	-22.09485718182155	1.4003333347361713		-11.057387584633481	-11.057387584633481	-0.5842131343060002	2.201333337359958	21	1557	56056414	56057992	2	7:56056414-56056435	7:56056414-56057992
7	56074736	56074748	ENST00000434526_1	12	+	56074736	56074748	0	1	12	0	ENST00000434526	12	-52.87574911117554	-12.795416514078775	2.1094999983906746		-11.912689076770349	-11.912689076770349	-0.32284378094758737	2.7679998874664307	12	2085	56074736	56076833	3	7:56074736-56074748	7:56074736-56076833
7	107903547	107903649	ENST00000205402_1	102	+	107903547	107903649	0	1	102	0	ENST00000205402	102	-24.61252935559434	-24.61252935559434	0.9103725490105503	-15.144100119918585	-26.012233848580056	-26.012233848580056	0.4003328203785052	-5.443833430608113	102	1308	107903547	107904957	1	7:107903547-107903649	7:107903547-107904957
7	139936307	139936481	ENST00000448866_1	174	+	139936307	139936481	0	1	174	0	ENST00000448866	174	-26.15843095861632	-26.15843095861632	-0.6527241406609016	-16.545300102233888	-20.451061000325208	-19.504012329500544	0.09782657948002305	13.3100004196167	174	16886	139936307	139953367	3	7:139936307-139936481	7:139936307-139953367
7	44392164	44392296	ENST00000355451_1	132	-	44392164	44392296	0	1	132	0	ENST00000355451	132	-20.704348646499444	-15.378446805657763	-0.42886363033286407	-7.035999971628189	-15.259549387292271	-15.259549387292271	-0.17344293650694287	5.79599991440773	132	6043	44386121	44392296	1	7:44392164-44392296	7:44386121-44392296
7	73704313	73704349	ENST00000222812_1	36	-	73704313	73704349	0	1	36	0	ENST00000222812	36	-24.087444219324325	-24.087444219324325	-0.08091666063086854	-19.762899804115296	-21.259456176506845	-21.259456176506845	0.37842105043104346	-10.222000300884247	36	57	73704256	73704349	2	7:73704313-73704349	7:73704256-73704349
7	74246499	74246661	ENST00000055077_1	162	-	74246499	74246661	0	1	162	0	ENST00000055077	162	-21.642709830844844	-18.933919837813317	-0.4569259189833875	-12.527300080657005	-13.359205210768698	-12.44964129025238	-0.5889207026747721	7.261000156402588	162	3253	74243246	74246661	1	7:74246499-74246661	7:74243246-74246661
7	99397793	99397859	ENST00000350498_1	66	-	99397793	99397859	0	1	66	0	ENST00000350498	66	-16.781272728334773	-16.781272728334773	-0.3356515148894466	-11.391599971055985	-23.997966550423026	-23.997966550423026	-0.3163876753578501	-9.887000173770097	66	1055	99396740	99397861	3	7:99397793-99397859	7:99396740-99397861
8	38110833	38110854	ENST00000343823_1	21	+	38110833	38110854	0	1	21	0	ENST00000343823	21	-27.836856569562638	-25.116857466243562	2.01123812670509		-13.799789985569202	-13.799789985569202	-0.2993375689968564	5.0	21	3337	38110833	38114191	1	8:38110833-38110854	8:38110833-38114191
8	85207489	85207585	ENST00000416274_1	96	+	85207489	85207585	0	1	96	0	ENST00000416274	96	-24.880322910124256	-24.832139736862594	0.6769120997882315	-20.590778165393406	-22.84824918251613	-21.65295087369239	-0.10551542337417631	3.986999988555908	96	1556	85207489	85209141	2	8:85207489-85207585	8:85207489-85209141
8	22139154	22139415	ENST00000306306_1	261	-	22139154	22139415	0	1	261	0	ENST00000306306	261	-24.044164515889012	-21.662287350358636	-0.22072797215818446	-8.434799933433533	-34.287301103274025	-27.098419262516884	-0.10331182955934476	-24.702799808979034	261	93	22139061	22139415	1	8:22139154-22139415	8:22139061-22139415
8	102224006	102224045	ENST00000251810_1	39	-	102224006	102224045	0	1	39	0	ENST00000251810	39	-29.116692267931423	-27.362358484512722	1.1009487275702832	-26.010300183296202	-16.62232380353834	-16.62232380353834	0.12343118528730018	2.813999891281128	39	5059	102218947	102224045	3	8:102224006-102224045	8:102218947-102224045
8	102359992	102360070	ENST00000520539_1	78	-	102359992	102360070	0	1	78	0	ENST00000520539	78	-22.12522225288881	-21.077250300182236	0.29016666648049766	-14.845035572137151	-15.314058640206566	-15.314058640206566	-0.04007457060148259	5.184999942779541	78	12900	102347092	102360070	2	8:102359992-102360070	8:102347092-102360070
9	17236588	17236669	ENST00000380647_1	81	+	17236588	17236669	0	1	81	0	ENST00000380647	81	-30.38229634143688	-30.38229634143688	1.50896297307846	-21.590200185775757	-16.961833142416314	-16.121704542822684	0.03602215620219463	2.7899999618530273	81	37063	17236588	17273732	2	9:17236588-17236669	9:17236588-17273732
9	21838010	21838082	ENST00000644715_1	72	+	21838010	21838082	0	1	72	0	ENST00000644715	72	-30.701708058516186	-26.39936158267988	0.4561111153776033	-24.7784996509552	-23.820323649536167	-23.820323649536167	0.13444585500286632	1.8669999837875366	72	16548	21838010	21854630	3	9:21838010-21838082	9:21838010-21854630
9	125935607	125935724	ENST00000373489_1	117	+	125935607	125935724	0	1	117	0	ENST00000373489	117	-28.07371779368856	-28.07371779368856	0.37438461119229466	-17.981299701705574	-21.36986708019056	-20.931172024538863	0.7336416408676764	6.672999858856201	117	24959	125935607	125960683	3	9:125935607-125935724	9:125935607-125960683
9	128692981	128693035	ENST00000322030_1	54	+	128692981	128693035	0	1	54	0	ENST00000322030	54	-30.245221932729084	-23.151370259346784	0.45675925517247784	-23.338800144195556	-24.162619525497195	-23.257710316524296	-0.4392424754517692	-1.6039999723434448	54	602	128692981	128693637	2	9:128692981-128693035	9:128692981-128693637
9	130699395	130699425	ENST00000372358_1	30	+	130699395	130699425	0	1	30	0	ENST00000372358	30	-23.147800156474112	-13.45959981828928	0.8092000218729178	-23.147800156474112	-13.254898076824437	-13.254898076824437	-0.3601092574251109	11.821999549865723	30	1442	130699394	130700866	1	9:130699395-130699425	9:130699394-130700866
9	133350319	133350343	ENST00000323345_1	24	+	133350319	133350343	0	1	24	0	ENST00000323345	24	-23.043624997138977	-15.232791407654682	-0.465958325813214		-21.78935563608474	-21.78935563608474	-0.3273596882621349	-4.1078001141548155	24	253	133350319	133350596	2	9:133350319-133350343	9:133350319-133350596
9	19376478	19376493	ENST00000380394_1	15	-	19376478	19376493	0	1	15	0	ENST00000380394	15	-44.75919926961263	-13.154600143432617	0.1314666819293052		-32.30650007857217	-28.25646667877833	-0.47601111402942076	-21.704566740989684	15	90	19376388	19376493	1	9:19376478-19376493	9:19376388-19376493
9	127948313	127948367	ENST00000373095_1	54	-	127948313	127948367	0	1	54	0	ENST00000373095	54	-27.28766659895579	-19.70650002029207	0.2430185223261274	-22.87729995250702	-23.00082942572507	-20.528511442921378	0.2543863600268113	-14.165300238132478	54	88	127948225	127948367	3	9:127948313-127948367	9:127948225-127948367
9	128635621	128635657	ENST00000372715_1	36	-	128635621	128635657	0	1	36	0	ENST00000372715	36	-32.986110991901825	-22.349999984105427	-0.3527500120302041	-28.15926651954651	-23.542969631020863	-23.542969631020863	-0.3105414397448548	-14.559399914741515	36	362	128635259	128635657	2	9:128635621-128635657	9:128635259-128635657
9	133364797	133364839	ENST00000371989_1	42	-	133364797	133364839	0	1	42	0	ENST00000371989	42	-18.292214223316737	-3.474928698369435	-0.10895236658619806	-16.738399744033813	-14.012560029087874	-13.49087075848992	-0.7881934225648854	-1.2060001560021192	42	1038	133363759	133364839	2	9:133364797-133364839	9:133363759-133364839
9	137050640	137050901	ENST00000355097_1	261	-	137050640	137050901	0	1	261	0	ENST00000355097	261	-26.212080474214993	-23.700237593488676	-0.7911839076965491	-14.323599869012833	-33.49561780340531	-28.259470756147422	-0.5280980396668846	-27.55140063762665	261	102	137050538	137050901	3	9:137050640-137050901	9:137050538-137050901
9	137455556	137455628	ENST00000371475_1	72	-	137455556	137455628	0	1	72	0	ENST00000371475	72	-23.556500161997974	-17.988958319028217	1.4004166793440365	-16.263200319558383	-22.373692503788284	-22.18034144222852	0.07642774099179667	4.686399984359741	72	1031	137455307	137456410	3	9:137455556-137455628	9:137455307-137456410
X	68521497	68521542	ENST00000462683_1	45	+	68521497	68521542	0	1	45	0	ENST00000462683	45	-16.564200258255006	-16.564200258255006	1.5039777932895555	-17.136400389671326	-16.523328103576205	-15.040067655827775	0.2399590017933709	1.255500040948391	45	1217	68521497	68522759	1	X:68521497-68521542	X:68521497-68522759
X	20132157	20132181	ENST00000379607_1	24	-	20132157	20132181	0	1	24	0	ENST00000379607	24	-29.887458433707554	-18.720917234818142	1.5130416971320908		-19.39966160606344	-17.985335619100546	-0.21007997105650603	2.881999969482422	24	1550	20130607	20132181	1	X:20132157-20132181	X:20130607-20132181
X	153932231	153932315	ENST00000464845_1	84	-	153932231	153932315	0	1	84	0	ENST00000464845	84	-30.566369082246506	-23.85971446973937	0.4319285688744414	-25.3728999376297	-23.351767046250004	-20.040833483257916	0.09548068208349066	-5.564400160312653	84	1384	153930847	153932315	3	X:153932231-153932315	X:153930847-153932315
X	153962128	153962221	ENST00000310441_1	93	-	153962128	153962221	0	1	93	0	ENST00000310441	93	-26.772225691426186	-18.18130117077981	0.39121505531973094	-17.7128999710083	-23.754181316122413	-21.20737493887233	0.25409999737118294	-8.980899894237519	93	480	153961648	153962221	2	X:153962128-153962221	X:153961648-153962221
1	10105745	10105787	ENST00000343090_1	42	+	10105745	10105787	0	1	42	0	ENST00000343090	42	-19.674642903464182	-17.694190314837865	-0.059142834906067164	-12.76649980545044	-18.01668309052711	-17.292781524269422	-0.04343369428549335	14.190999984741211	42	11672	10105744	10117458	3	1:10105745-10105787	1:10105744-10117458
1	32327677	32327755	ENST00000373548_1	78	+	32327677	32327755	0	1	78	0	ENST00000373548	78	-15.908884572295042	-11.939217968246876	1.9706923210790428	-13.531099939346314	-21.670827913938826	-20.651279042701464	0.4059432337504506	2.877000093460083	78	1312	32327677	32329067	2	1:32327677-32327755	1:32327677-32329067
1	32669132	32669186	ENST00000373493_1	54	+	32669132	32669186	0	1	54	0	ENST00000373493	54	-24.979777832825977	-24.979777832825977	0.9145000039306642	-22.354599797725676	-36.79365983334455	-30.11945470896634	0.22068182730369948	-31.91570074558258	54	44	32669132	32669230	3	1:32669132-32669186	1:32669132-32669230
1	35563911	35563941	ENST00000373243_1	30	+	35563911	35563941	0	1	30	0	ENST00000373243	30	-22.513099312782288	-22.513099312782288	1.3023666546990473	-22.513099312782288	-19.60694003674692	-19.60694003674692	1.2754242401974414	2.9803000807762148	30	1287	35563909	35565226	1	1:35563911-35563941	1:35563909-35565226
1	39966014	39966098	ENST00000372811_1	84	+	39966014	39966098	0	1	84	0	ENST00000372811	84	-25.629964189870016	-23.342142768204212	0.9929761917820932	-17.893499279022215	-20.281469521875444	-20.214608801396324	0.511051223273669	-2.3035000413656235	84	502	39966014	39966600	3	1:39966014-39966098	1:39966014-39966600
1	42697262	42697277	ENST00000321358_1	15	+	42697262	42697277	0	1	15	0	ENST00000321358	15	-20.2947998046875	-12.0792667388916	1.8635999709367752		-15.077581838695279	-15.077581838695279	-0.2165956094336859	3.999000072479248	15	3503	42697262	42700780	3	1:42697262-42697277	1:42697262-42700780
1	43976825	43976969	ENST00000472174_1	144	+	43976825	43976969	0	1	144	0	ENST00000472174	144	-31.07452107469241	-27.92770140245557	0.29216176625478135	-18.342999958992003	-36.59705227090601	-27.41096493654084	0.3524912336694175	-34.186299765110014	144	57	43976824	43977025	3	1:43976825-43976969	1:43976824-43977025
1	110040703	110040733	ENST00000369795_1	30	+	110040703	110040733	0	1	30	0	ENST00000369795	30	-9.205199810862542	-9.205199810862542	1.3318333559979996	-9.205199810862542	-28.440956348584653	-25.778585981559054	-0.2870337505670614	-12.72200026512146	30	802	110040703	110041535	2	1:110040703-110040733	1:110040703-110041535
1	116031581	116031620	ENST00000369503_1	39	+	116031581	116031620	0	1	39	0	ENST00000369503	39	-27.27692316357906	-27.27692316357906	0.5354359006682315	-20.704799917340278	-26.729258544817483	-24.709196095008487	-0.1231501275091072	-8.536700120568275	39	3566	116031581	116035186	3	1:116031581-116031620	1:116031581-116035186
1	151401630	151401771	ENST00000290541_1	141	+	151401630	151401771	0	1	141	0	ENST00000290541	141	-28.54655338272928	-28.54655338272928	0.3235957474342105	-14.363400077819824	-35.07764336041042	-26.757166377135686	0.7531777858734131	-33.665111700693764	141	45	151401630	151401816	1	1:151401630-151401771	1:151401630-151401816
1	207767197	207767314	ENST00000367042_1	117	+	207767197	207767314	0	1	117	0	ENST00000367042	117	-32.07610258383629	-31.56018440974386	-1.6397606915909733	-18.218400371074676	-34.17899653386502	-32.27503060714855	-2.1628777028221418	-19.618499955534936	117	294	207767195	207767606	2	1:207767197-207767314	1:207767195-207767606
1	230668784	230668853	ENST00000366669_1	69	+	230668784	230668853	0	1	69	0	ENST00000366669	69	-22.592217227687005	-22.592217227687005	0.19499999426467263	-21.682800078392027	-29.28052602678656	-28.855681294167184	-0.3786180707756564	-12.473400044441224	69	502	230668784	230669355	3	1:230668784-230668853	1:230668784-230669355
1	145854649	145854745	ENST00000393045_1	96	-	145854649	145854745	0	1	96	0	ENST00000393045	96	-24.249510722855728	-24.249510722855728	0.3699479200828743	-18.595399951934816	-21.362999960433605	-21.362999960433605	0.9890555636957288	-16.165099716186525	96	86	145854563	145854745	2	1:145854649-145854745	1:145854563-145854745
1	160332385	160332445	ENST00000241704_1	60	-	160332385	160332445	0	1	60	0	ENST00000241704	60	-14.264099935690561	-9.163000231981277	3.5433000046138963	-12.649666730562846	-19.679791244566548	-19.679791244566548	0.5174681397473295	3.4719998836517334	60	6735	160325652	160332447	2	1:160332385-160332445	1:160325652-160332447
1	229539362	229539455	ENST00000344517_1	93	-	229539362	229539455	0	1	93	0	ENST00000344517	93	-18.65918284013707	-18.65918284013707	0.23915054697683583	-7.601899963617325	-13.902947067599593	-13.902947067599593	-0.2455190770179606	9.371999740600586	93	7631	229531731	229539455	3	1:229539362-229539455	1:229531731-229539455
10	27165539	27165632	ENST00000375940_1	93	+	27165539	27165632	0	1	93	0	ENST00000375940	93	-7.489399975538253	-7.489399975538253	0.4955806452167591	0.402400004863739	-20.14704872956128	-19.952273191334392	-0.14247465884577712	NaN	93	1469	27165539	27167101	3	10:27165539-27165632	10:27165539-27167101
10	69191766	69191937	ENST00000359655_1	171	+	69191766	69191937	0	1	171	0	ENST00000359655	171	-18.22164712232702	-12.386663307647893	-0.2993207533460157	-2.953000068664551	-16.95444104253634	-16.856423207009023	-0.24052668458702553	6.083000183105469	171	3250	69191766	69195187	1	10:69191766-69191937	10:69191766-69195187
10	92609509	92609524	ENST00000260731_1	15	+	92609509	92609524	0	1	15	0	ENST00000260731	15	-16.713200330734253	-16.713200330734253	2.6275999799370764		-16.279219906972806	-16.024497549720397	-0.06704145867935601	0.8107142150402069	15	3515	92609509	92613039	2	10:92609509-92609524	10:92609509-92613039
10	99747390	99747420	ENST00000370476_1	30	+	99747390	99747420	0	1	30	0	ENST00000370476	30	-30.270299673080444	-19.484967090686162	0.8092666678130627	-30.270299673080444	-21.1370239382611	-21.1370239382611	0.3289445430195387	-3.4890000104904173	30	2948	99747390	99750368	1	10:99747390-99747420	10:99747390-99750368
10	100546581	100546635	ENST00000299163_1	54	+	100546581	100546635	0	1	54	0	ENST00000299163	54	-17.453611108991836	-17.453611108991836	1.0490555518858686	-16.768300008773803	-13.400466592113178	-13.400466592113178	0.40731397491268895	0.9416666030883789	54	504	100546581	100547139	1	10:100546581-100546635	10:100546581-100547139
10	124517272	124517422	ENST00000368842_1	150	+	124517272	124517422	0	1	150	0	ENST00000368842	150	-27.899099798202514	-27.899099798202514	-0.6494266645051539	-14.193500018119812	-15.37926171664949	-15.188071529437114	-0.5412873275921603	40.11000061035156	150	114985	124498128	124613263	2	10:124517272-124517422	10:124498128-124613263
10	33253988	33254027	ENST00000374867_1	39	-	33253988	33254027	0	1	39	0	ENST00000374867	39	-33.02392268792177	-24.10064143400926	-0.5369230742828969	-31.46946628888448	-23.750068681951	-23.693397921507593	0.47228934328494504	6.233333443601926	39	27699	33226289	33254027	3	10:33253988-33254027	10:33226289-33254027
10	63215486	63215552	ENST00000399262_1	66	-	63215486	63215552	0	1	66	0	ENST00000399262	66	-22.130666474952843	-22.00540923259475	1.6047575645656749	-17.20879989961783	-16.958387144150272	-16.958387144150272	2.78719356007153	-17.64440004825592	66	31	63215455	63215552	3	10:63215486-63215552	10:63215455-63215552
10	71827944	71828013	ENST00000394936_1	69	-	71827944	71828013	0	1	69	0	ENST00000394936	69	-25.389151529606544	-25.389151529606544	-0.37453622992852353	-19.004666681090992	-17.130908952207523	-16.59015349201554	-0.33250424364846504	2.937200117111206	69	2051	71825893	71828013	1	10:71827944-71828013	10:71825893-71828013
10	118695011	118695140	ENST00000369151_1	129	-	118695011	118695140	0	1	129	0	ENST00000369151	129	-24.917434182277944	-24.917434182277944	0.5777907024585288	-14.632499837875367	-22.615541354793198	-22.615541354793198	0.2717360200468076	3.995428596224104	129	3608	118691403	118695140	3	10:118695011-118695140	10:118691403-118695140
10	121963135	121963237	ENST00000369023_1	102	-	121963135	121963237	0	1	102	0	ENST00000369023	102	-22.08329395686879	-19.7961373165542	0.20685294496498124	-14.686699819564819	-14.494156270337044	-12.278593704548065	-0.4557217125718935	NaN	102	1028	121962107	121963237	2	10:121963135-121963237	10:121962107-121963237
11	9417148	9417205	ENST00000379719_1	57	+	9417148	9417205	0	1	57	0	ENST00000379719	57	-35.17510495687786	-24.080684224764507	1.2426491272635758	-32.87179965972901	-16.187098957023302	-15.14470643029919	-0.29673227787266865	6.671000003814697	57	3205	9417148	9420410	2	11:9417148-9417205	11:9417148-9420410
11	34076642	34076675	ENST00000341394_1	33	+	34076642	34076675	0	1	33	0	ENST00000341394	33	-13.620909186926754	-13.620909186926754	2.3408788110722196	-13.721900099515915	-17.689928100181426	-17.268818452457587	-0.05398726033792295	2.608666718006134	33	2952	34076642	34079627	3	11:34076642-34076675	11:34076642-34079627
11	43816391	43816457	ENST00000278353_1	66	+	43816391	43816457	0	1	66	0	ENST00000278353	66	-27.815091035582803	-27.815091035582803	1.0654696781950241	-21.616500067710877	-23.46202615531384	-23.062447733969783	0.2370356916826924	2.9200000762939453	66	14518	43816391	43830975	3	11:43816391-43816457	11:43816391-43830975
11	57739039	57739090	ENST00000278422_1	51	+	57739039	57739090	0	1	51	0	ENST00000278422	51	-28.430117764564997	-19.2895490398594	0.9987450992578969	-24.543899875320495	-31.68210024833679	-31.680975261703132	0.9323250064626336	-25.214899762471518	51	40	57739039	57739130	2	11:57739039-57739090	11:57739039-57739130
11	67292181	67292241	ENST00000511455_1	60	+	67292181	67292241	0	1	60	0	ENST00000511455	60	-12.411400103569031	-12.411400103569031	0.3590000044554472	-10.196600198745728	-13.778359378278667	-13.778359378278667	-0.5019127032732544	10.843999862670898	60	6817	67292180	67299057	1	11:67292181-67292241	11:67292180-67299057
11	134146045	134146105	ENST00000299106_1	60	+	134146045	134146105	0	1	60	0	ENST00000299106	60	-29.228700019046663	-20.07253371079763	1.081733319054668	-20.89719977378845	-21.175624228954035	-20.627655139865077	-0.18388120492746027	-0.9135999798774719	60	2441	134146045	134148546	2	11:134146045-134146105	11:134146045-134148546
11	771186	771330	ENST00000319863_1	144	-	771186	771330	0	1	144	0	ENST00000319863	144	-19.273541655391455	-11.2289861233698	-0.34699999719871105	-7.809500083327293	-13.60394047058764	-13.60394047058764	-0.039654765145054886	-5.947999972105026	144	84	771104	771332	1	11:771186-771330	11:771104-771332
11	14513786	14513816	ENST00000396394_1	30	-	14513786	14513816	0	1	30	0	ENST00000396394	30	-22.334999895095827	-17.839933185776076	2.3588333307454983	-22.334999895095827	-39.11755196527503	-21.08375868852111	0.6353792997730103	-25.636699867248534	30	87	14513699	14513816	3	11:14513786-14513816	11:14513699-14513816
11	62677768	62677780	ENST00000301935_1	12	-	62677768	62677780	0	1	12	0	ENST00000301935	12	-26.198583205540974	-19.02300065383315	2.0188333303570594		-28.114873050614747	-26.65882840530196	-0.24032089185080865	-23.32680034637451	12	134	62677634	62677780	2	11:62677768-62677780	11:62677634-62677780
11	90210513	90210534	ENST00000320585_1	21	-	90210513	90210534	0	1	21	0	ENST00000320585	21	-11.659000260489327	-11.659000260489327	1.545999998492854		-23.397570441912745	-22.061667675971815	0.12136248215596997	7.985499858856201	21	4242	90206272	90210535	1	11:90210513-90210534	11:90206272-90210535
12	4548836	4548863	ENST00000352618_1	27	+	4548836	4548863	0	1	27	0	ENST00000352618	27	-7.944222052892049	-7.944222052892049	0.9133333182997174		-14.429467731036056	-14.429467731036056	0.12223680330730473	11.418000221252441	27	4119	4548836	4552982	3	12:4548836-4548863	12:4548836-4552982
12	53022629	53022680	ENST00000262056_1	51	+	53022629	53022680	0	1	51	0	ENST00000262056	51	-21.40617641280679	-20.68998031814893	0.6859411561665326	-20.68159987926483	-12.61015587554384	-12.128217323664334	-0.29823367893941916	2.1259999573230743	51	5103	53022627	53027781	3	12:53022629-53022680	12:53022627-53027781
12	55971247	55971328	ENST00000266970_1	81	+	55971247	55971328	0	1	81	0	ENST00000266970	81	-31.59681491057078	-26.902568134260765	0.7258765289077053	-21.062300205230713	-25.51996898278594	-24.208427004205685	0.9369062434367758	-16.351300156116487	81	192	55971247	55971520	2	12:55971247-55971328	12:55971247-55971520
12	103983218	103983272	ENST00000392872_1	54	+	103983218	103983272	0	1	54	0	ENST00000392872	54	-22.058111344981526	-20.842370196625037	2.1965925884260624	-18.286699843406677	-10.85972744632851	-10.85972744632851	3.120636399158023		54	22	103983218	103983294	3	12:103983218-103983272	12:103983218-103983294
12	121761738	121762008	ENST00000449592_1	270	+	121761738	121762008	0	1	270	0	ENST00000449592	270	-23.77404455807474	-22.11055198471855	-0.20161797656949734	-7.990000158548355	-15.793921638780853	-15.793921638780853	-0.3239100235674615	7.690000057220459	270	8898	121761738	121770906	1	12:121761738-121762008	12:121761738-121770906
12	122979010	122979022	ENST00000228922_1	12	+	122979010	122979022	0	1	12	0	ENST00000228922	12	-4.496499553322792	-4.496499553322792	1.9965833029709756		-40.56394972801208	-17.570766723155977	-0.2926166569814086	-31.46089963912964	12	60	122979010	122979082	2	12:122979010-122979022	12:122979010-122979082
12	6967519	6967675	ENST00000535923_1	156	-	6967519	6967675	0	1	156	0	ENST00000535923	156	-21.803685975380432	-21.52388456549782	1.4045769154722503	-0.5505002260208129	-26.345153103936727	-12.037869221487755	2.0692132899726947	-6.425599926710129	156	497	6967238	6967891	2	12:6967519-6967675	12:6967238-6967891
12	52287442	52287595	ENST00000327741_1	153	-	52287442	52287595	0	1	153	0	ENST00000327741	153	-34.298379012961796	-27.976614413113374	-1.7075294195065651	-19.560933391253155	-35.636633339524266	-34.881691879034044	-2.2993916545490114	-21.730100107192992	153	120	52287322	52287595	2	12:52287442-52287595	12:52287322-52287595
12	56743970	56744063	ENST00000338193_1	93	-	56743970	56744063	0	1	93	0	ENST00000338193	93	-20.59810757028159	-20.59810757028159	1.2921828053220705	-14.269100058078767	-23.676330190429162	-23.676330190429162	0.44903200052944675	-7.639700126647949	93	875	56743096	56744064	3	12:56743970-56744063	12:56743096-56744064
12	110386269	110386326	ENST00000455511_1	57	-	110386269	110386326	0	1	57	0	ENST00000455511	57	-24.074157579949027	-17.80033325469285	0.19801754264259025	-11.78719990849495	-17.328091579659866	-17.328091579659866	-0.04149666333509939	8.92300033569336	57	3309	110382960	110386326	1	12:110386269-110386326	12:110382960-110386326
12	114673969	114674164	ENST00000349155_1	195	-	114673969	114674164	0	1	195	0	ENST00000349155	195	-21.828328347144026	-21.828328347144026	-0.5748913036456899	-4.758333497577244	-24.023933190899797	-23.807616919643877	-0.07703274927862223	-3.858999943981568	195	1667	114672302	114674164	2	12:114673969-114674164	12:114672302-114674164
12	132743120	132743153	ENST00000357997_1	33	-	132743120	132743153	0	1	33	0	ENST00000357997	33	-24.901636333176583	-13.880091168663718	0.936363645123713	-24.016133284568788	-23.453864373728642	-23.453864373728642	-0.5792040701050647	-3.4116998672485352	33	1635	132741485	132743153	3	12:132743120-132743153	12:132741485-132743153
13	37006025	37006040	ENST00000389704_1	15	+	37006025	37006040	0	1	15	0	ENST00000389704	15	-20.63440020084381	-20.63440020084381	4.957111120223999		-30.50913522211281	-21.008270263671875	1.4786268695980422	-25.89153339465459	15	74	37006025	37006114	3	13:37006025-37006040	13:37006025-37006114
13	42159374	42159443	ENST00000337343_1	69	+	42159374	42159443	0	1	69	0	ENST00000337343	69	-29.29982596894969	-29.29982596894969	-0.8071449113085164	-18.23180000782013	-29.867567661619354	-29.72008962518092	-0.1925686278370908	-13.596999740600586	69	569	42159372	42160010	3	13:42159374-42159443	13:42159372-42160010
13	75796749	75796845	ENST00000377534_1	96	+	75796749	75796845	0	1	96	0	ENST00000377534	96	-38.82690583448857	-33.63223998745283	-0.700302071353993	-27.401799964904786	-27.599578902556075	-27.599578902556075	0.08462279554434164	0.4169999957084656	96	3838	75796749	75800683	1	13:75796749-75796845	13:75796749-75800683
13	113144095	113144212	ENST00000375559_1	117	+	113144095	113144212	0	1	117	0	ENST00000375559	117	-14.817128158532656	-14.817128158532656	-0.9248205151679552	-4.71080008149147	-13.855957281238727	-12.656635918661584	-0.5940151277214342	11.201000213623047	117	3166	113144095	113147378	2	13:113144095-113144212	13:113144095-113147378
13	40749110	40749137	ENST00000323563_1	27	-	40749110	40749137	0	1	27	0	ENST00000323563	27	-17.04829650455051	-17.04829650455051	0.41862964837087524		-13.10617570474595	-12.657080109343575	-0.0672870021519651	4.757999897003174	27	19509	40729601	40749137	3	13:40749110-40749137	13:40729601-40749137
14	20993191	20993230	ENST00000339374_1	39	+	20993191	20993230	0	1	39	0	ENST00000339374	39	-16.453077087035545	-16.453077087035545	0.9307179509733732	-19.06670025587082	-17.76406723555146	-16.848172200255473	0.03967999824206345	-3.076100079715252	39	738	20993191	20993968	2	14:20993191-20993230	14:20993191-20993968
14	24145009	24145057	ENST00000216802_1	48	-	24145009	24145057	0	1	48	0	ENST00000216802	48	-30.664208377401035	-23.129875019192696	1.1049791563612719	-26.71883326371511	-27.23385954374196	-26.51221070591491	0.4746221799352661	-12.307099968194962	48	541	24144468	24145057	2	14:24145009-24145057	14:24144468-24145057
14	70591199	70591265	ENST00000256379_1	66	-	70591199	70591265	0	1	66	0	ENST00000256379	66	-25.530408837578513	-25.530408837578513	1.2684242522562712	-19.223099756240845	-20.238413878606046	-19.95548207820349	0.20321781561218374	0.09675002098083496	66	5416	70585783	70591265	3	14:70591199-70591265	14:70585783-70591265
15	43596531	43596573	ENST00000441322_1	42	+	43596531	43596573	0	1	42	0	ENST00000441322	42	-15.932499987738472	-14.717952725433168	2.3079762185613313	-17.96640000343323	-27.144629675523376	-26.83615838914288	0.8196860020293197	-4.306800031661988	42	1619	43596531	43598192	1	15:43596531-43596573	15:43596531-43598192
15	45417399	45417561	ENST00000305560_1	162	+	45417399	45417561	0	1	162	0	ENST00000305560	162	-27.407222275380736	-24.8021852142281	-0.01788889360326676	-14.057400321960449	-18.216845999043475	-17.590324525443673	-0.09649535600430936	-0.7844000041484833	162	995	45417399	45418556	1	15:45417399-45417561	15:45417399-45418556
15	55334007	55334106	ENST00000164305_1	99	+	55334007	55334106	0	1	99	0	ENST00000164305	99	-23.731636276750855	-23.731636276750855	0.710555554057161	-18.637900257110594	-12.98750290104631	-12.98750290104631	0.0547119303422625	5.480000019073486	99	5160	55334007	55339266	1	15:55334007-55334106	15:55334007-55339266
15	72561549	72561576	ENST00000379887_1	27	+	72561549	72561576	0	1	27	0	ENST00000379887	27	-19.94688895013597	-19.94688895013597	2.2834073912214348		-19.0165474818211	-18.9998015964104	-0.08513000087833086	4.074999809265137	27	1817	72561549	72563393	1	15:72561549-72561576	15:72561549-72563393
15	82823289	82823388	ENST00000286760_1	99	+	82823289	82823388	0	1	99	0	ENST00000286760	99	-30.7026063009645	-22.56998998588986	-0.6403030279384117	-24.967900276184082	-16.81204674924527	-16.0496994099545	-0.19277488292792455	3.759999990463257	99	3023	82823287	82826409	1	15:82823289-82823388	15:82823287-82826409
15	64748373	64748418	ENST00000300069_1	45	-	64748373	64748418	0	1	45	0	ENST00000300069	45	-27.972666692733764	-22.513533221350777	0.1387111076878177	-27.08569962978363	-20.042555056765405	-19.05889180678683	-0.5319610390112286	4.974499970674515	45	7131	64741242	64748418	1	15:64748373-64748418	15:64741242-64748418
15	84646111	84646183	ENST00000434634_1	72	-	84646111	84646183	0	1	72	0	ENST00000434634	72	-15.35008329960207	-15.35008329960207	-0.22786110401405799	-8.703000020980834	-29.295698219646106	-25.22273826707493	-0.37685039634660517	-5.909999895095825	72	275	84645836	84646183	2	15:84646111-84646183	15:84645836-84646183
15	88901304	88901550	ENST00000268150_1	246	-	88901304	88901550	0	1	246	0	ENST00000268150	246	-24.036125156469645	-24.036125156469645	-0.4921422781786177	-14.924000072479249	-15.811698973723155	-15.07108464619424	-0.6586785720814637	-1.113571292587689	246	1493	88899811	88901550	1	15:88901304-88901550	15:88899811-88901550
16	23567069	23567087	ENST00000395878_1	18	+	23567069	23567087	0	1	18	0	ENST00000395878	18	-6.700166424115499	-5.894000318315294	2.9101111036725342		-22.049713518583573	-22.049713518583573	-0.029238051448474568	7.9019999504089355	18	3392	23567069	23570479	3	16:23567069-23567087	16:23567069-23570479
16	31185179	31185194	ENST00000254108_1	15	+	31185179	31185194	0	1	15	0	ENST00000254108	15	-13.921999549865722	-13.921999549865722	5.7890666127204895		-14.152810788413772	-13.977131523414888	4.106619795704668	1.8555000077933073	15	1607	31185179	31186801	3	16:31185179-31185194	16:31185179-31186801
16	84759472	84759523	ENST00000219473_1	51	+	84759472	84759523	0	1	51	0	ENST00000219473	51	-28.919705909841202	-25.141784642256944	0.7101176613941789	-24.760000157356263	-33.76781482527626	-30.34173560775791	-0.23629444674330038	-13.151700067520142	51	367	84759472	84759890	2	16:84759472-84759523	16:84759472-84759890
16	2243013	2243043	ENST00000301729_1	30	-	2243013	2243043	0	1	30	0	ENST00000301729	30	-17.580600119630496	-9.454800176620484	-0.4577666692435741	-17.580600119630496	-13.503575080991785	-12.480319953036803	-0.5394876178784522	4.698999881744385	30	2870	2240145	2243045	1	16:2243013-2243043	16:2240145-2243045
16	4823670	4823820	ENST00000321919_1	150	-	4823670	4823820	0	1	150	0	ENST00000321919	150	-25.79837341984113	-25.79837341984113	0.048879031512525775	-16.322399806976318	-27.811686047318823	-27.811686047318823	-0.002430380326459962	-13.28250002861023	150	739	4822931	4823820	1	16:4823670-4823820	16:4822931-4823820
16	18788932	18788980	ENST00000567078_1	48	-	18788932	18788980	0	1	48	0	ENST00000567078	48	-16.90456259250641	-13.708291540543238	0.22145832353271544	-9.744700241088868	-17.085012258830382	-17.085012258830382	-0.47412551752355847	3.9019999504089355	48	790	18788142	18788980	2	16:18788932-18788980	16:18788142-18788980
16	66734146	66734215	ENST00000258198_1	69	-	66734146	66734215	0	1	69	0	ENST00000258198	69	-25.464608583761297	-15.023463956687761	1.0258550674020164	-22.329299926757812	-17.402742539842922	-17.402742539842922	0.030595656535582584	2.690749764442444	69	1674	66732474	66734217	2	16:66734146-66734215	16:66732474-66734217
17	27309272	27309287	ENST00000262394_1	15	+	27309272	27309287	0	1	15	0	ENST00000262394	15	-11.020599746704102	-11.020599746704102	2.552200002533694		-18.41735713842337	-18.228775323830643	0.005371314358439337	-1.4846998691558837	15	773	27309272	27310060	3	17:27309272-27309287	17:27309272-27310060
17	31973231	31973249	ENST00000322652_1	18	+	31973231	31973249	0	1	18	0	ENST00000322652	18	-11.480833093325296	-11.480833093325296	2.951055580543147		-20.91774368360221	-20.91774368360221	-0.06560845795111234	-0.572333296140035	18	2232	31973231	31975481	3	17:31973231-31973249	17:31973231-31975481
17	32469195	32469231	ENST00000261712_1	36	+	32469195	32469231	0	1	36	0	ENST00000261712	36	-41.19466688235601	-26.72736105322838	-0.07038890053000715	-43.30550043582916	-23.175271084159924	-22.798569358504487	-0.027698566185109227	0.3619999289512634	36	4571	32469193	32473800	1	17:32469195-32469231	17:32469193-32473800
17	50462585	50462696	ENST00000300441_1	111	+	50462585	50462696	0	1	111	0	ENST00000300441	111	-25.225000115665228	-25.225000115665228	0.06784683777866801	-5.071099841594696	-25.317837763074284	-24.470330984768818	-0.07228767207279359	-4.654799842834473	111	459	50462585	50463155	3	17:50462585-50462696	17:50462585-50463155
17	59930174	59930201	ENST00000225577_1	27	+	59930174	59930201	0	1	27	0	ENST00000225577	27	-23.16400021314621	-21.102962688163476	3.69422220521503		-13.513279590755701	-13.513279590755701	3.623683094229093	6.231999951601028	27	1420	59930174	59931621	3	17:59930174-59930201	17:59930174-59931621
17	64519436	64519448	ENST00000556440_1	12	+	64519436	64519448	0	1	12	0	ENST00000556440	12	-6.813250124454498	-6.575583398342133	4.376249995664693		-18.747533770195243	-17.355395124077994	0.10603554298365069	5.763000011444092	12	1953	64519436	64521401	3	17:64519436-64519448	17:64519436-64521401
17	56895889	56895925	ENST00000316881_1	36	-	56895889	56895925	0	1	36	0	ENST00000316881	36	-28.922749916712444	-23.6274995803833	1.3476110994815826	-26.38829984664917	-28.27473677898708	-28.27473677898708	-0.6223859687760603	-8.998599928617477	36	285	56895604	56895925	2	17:56895889-56895925	17:56895604-56895925
17	64503350	64503428	ENST00000225792_1	78	-	64503350	64503428	0	1	78	0	ENST00000225792	78	-41.35965439906487	-31.05238441626231	-0.505333321803333	-25.81490054130554	-8.180000305175781	-3.505333582560221	7.088000138600667		78	3	64503348	64503429	3	17:64503350-64503428	17:64503348-64503429
17	75900912	75900981	ENST00000309352_1	69	-	75900912	75900981	0	1	69	0	ENST00000309352	69	-16.758889099908252	-12.621714310099682	-0.30381159414199815	-10.818625142176947	-19.842174251478482	-18.60301564750472	-0.5624416866927116	0.7836000412702561	69	1238	75899674	75900981	1	17:75900912-75900981	17:75899674-75900981
17	76330006	76330042	ENST00000446526_1	36	-	76330006	76330042	0	1	36	0	ENST00000446526	36	-18.698277923795914	-10.539166503482395	-0.049916650970569916	-15.788066959381103	-17.34228745191492	-14.767768266096098	-0.7626078436059841	1.3715001046657562	36	1144	76328862	76330042	2	17:76330006-76330042	17:76328862-76330042
17	81934222	81934324	ENST00000329875_1	102	-	81934222	81934324	0	1	102	0	ENST00000329875	102	-21.183853062052354	-20.029764702653182	-0.8115784281262142	-4.030399933457375	-21.877732933062816	-21.14393149418958	-0.6700023613356652	-4.4595999956130985	102	847	81933376	81934325	2	17:81934222-81934324	17:81933376-81934325
17	82036350	82036383	ENST00000306869_1	33	-	82036350	82036383	0	1	33	0	ENST00000306869	33	-35.56433309208263	-23.980090690381598	-0.5341212147790374	-37.17676641146342	-28.416761909212386	-28.259428364889963	-0.095214312674389	-25.498799991607665	33	42	82036308	82036383	1	17:82036350-82036383	17:82036308-82036383
18	35132190	35132211	ENST00000300249_1	21	+	35132190	35132211	0	1	21	0	ENST00000300249	21	-10.19157086099897	-10.19157086099897	1.3846190662256308		-22.27293019547781	-22.27293019547781	-0.27172089308193986	-1.5808333133657773	21	8083	35132190	35140294	1	18:35132190-35132211	18:35132190-35140294
18	36141201	36141279	ENST00000358232_1	78	+	36141201	36141279	0	1	78	0	ENST00000358232	78	-33.45276900438162	-26.322487528507526	0.6365128223387262	-28.309099912643433	-19.240533882697445	-19.06589116302184	0.019183735925158166	-0.2212221754921807	78	1001	36141201	36142280	1	18:36141201-36141279	18:36141201-36142280
18	691137	691203	ENST00000647584_1	66	-	691137	691203	0	1	66	0	ENST00000647584	66	-26.762909417802636	-26.762909417802636	-0.019272729190010014	-22.808300173282625	-42.392193459695385	-30.12161321024741	0.7662903169590619	-42.25169996023178	66	31	691106	691203	1	18:691137-691203	18:691106-691203
19	734196	734271	ENST00000338448_1	75	+	734196	734271	0	1	75	0	ENST00000338448	75	-24.845799896270037	-24.845799896270037	0.1952399997537335	-18.710400009155272	-15.865354433492062	-12.915193181631931	-1.0165135959085931	-3.8273999810218813	75	1749	734194	736018	1	19:734196-734271	19:734194-736018
19	8465515	8465545	ENST00000325495_1	30	+	8465515	8465545	0	1	30	0	ENST00000325495	30	-34.758500170707705	-16.574466387430828	2.8840000073115033	-34.758500170707705	-27.911584536944115	-27.068986864983167	0.13643976774929073	-11.070110963450539	30	689	8465515	8466234	2	19:8465515-8465545	19:8465515-8466234
19	16226547	16226724	ENST00000291439_1	177	+	16226547	16226724	0	1	177	0	ENST00000291439	177	-20.8818476624408	-19.977203528759844	-0.7300564978359857	-6.267300248146057	-21.14051631364614	-21.14051631364614	-0.911885784788992	-5.71999979019165	177	823	16226547	16227547	1	19:16226547-16226724	19:16226547-16227547
19	38708195	38708219	ENST00000252699_1	24	+	38708195	38708219	0	1	24	0	ENST00000252699	24	-29.892624855041504	-28.42175128062566	-0.13274998062600693		-30.328433261754665	-27.408391649113277	-0.4834619362394053	-11.017899870872498	24	1175	38708195	38709394	3	19:38708195-38708219	19:38708195-38709394
19	40737769	40738039	ENST00000263370_1	270	+	40737769	40738039	0	1	270	0	ENST00000263370	270	-13.657559451602754	-13.657559451602754	-0.32149253381675097	-1.25409996509552	-14.947305487631706	-12.06790878089951	-0.6065671997665991	0.055399966239929196	270	1317	40737769	40739356	2	19:40737769-40738039	19:40737769-40739356
2	63885886	63885937	ENST00000337130_1	51	+	63885886	63885937	0	1	51	0	ENST00000337130	51	-25.28176442314597	-22.584196015900257	1.2461960641849859	-17.0189001083374	-27.21357320389588	-25.228297707764547	0.45396774120007183	-11.467899739742279	51	403	63885886	63886340	2	2:63885886-63885937	2:63885886-63886340
2	177216771	177216807	ENST00000392524_1	36	+	177216771	177216807	0	1	36	0	ENST00000392524	36	-35.97108367085457	-26.343361154198647	0.2673333102526764	-40.52910041809082	-35.065846502780914	-34.17271109727713	0.0794038437306881	-24.43530023097992	36	52	177216771	177216859	1	2:177216771-177216807	2:177216771-177216859
2	202287724	202287994	ENST00000264279_1	270	+	202287724	202287994	0	1	270	0	ENST00000264279	270	-13.432637666230617	-13.432637666230617	0.05917716104634414	0.6150000095367432	-10.708183087200853	-10.708183087200853	-0.1675287107435691	NaN	270	2328	202287724	202290322	2	2:202287724-202287994	2:202287724-202290322
2	203394847	203394916	ENST00000261018_1	69	+	203394847	203394916	0	1	69	0	ENST00000261018	69	-11.864652104999708	-11.864652104999708	3.3236521859315857	-5.203199958801269	-22.129119803292486	-22.094573819379693	1.463492454208794	2.255500078201294	69	740	203394846	203395655	2	2:203394847-203394916	2:203394846-203395655
2	218403417	218403591	ENST00000273062_1	174	+	218403417	218403591	0	1	174	0	ENST00000273062	174	-21.215741388756655	-16.834063217129515	-0.39411627592215703	-10.477399969100953	-14.842083004494421	-14.842083004494421	-0.38724777511063996	-2.232299952208996	174	705	218403417	218404296	1	2:218403417-218403591	2:218403417-218404296
2	28850300	28850327	ENST00000306108_1	27	-	28850300	28850327	0	1	27	0	ENST00000306108	27	-19.006777816348606	-19.006777816348606	1.8297037068340514		-19.5208793765512	-19.5208793765512	1.655155177131809	-14.948700159788132	27	58	28850242	28850327	3	2:28850300-28850327	2:28850242-28850327
2	54974601	54974694	ENST00000337526_1	93	-	54974601	54974694	0	1	93	0	ENST00000337526	93	-27.331483803769594	-26.79883877692684	0.5393870935915539	-20.371599876880644	-20.178484333317325	-17.13042071297491	0.07307131435760603	2.9806665579477944	93	734	54973867	54974694	1	2:54974601-54974694	2:54973867-54974694
2	68137259	68137298	ENST00000295121_1	39	-	68137259	68137298	0	1	39	0	ENST00000295121	39	-30.68830787218534	-23.058691990681183	1.2980512810679965	-29.590100145339967	-23.580429801675386	-21.71151768269356	0.37225264436790784	4.234000116586685	39	2460	68134799	68137298	3	2:68137259-68137298	2:68134799-68137298
2	101281828	101281858	ENST00000295317_1	30	-	101281828	101281858	0	1	30	0	ENST00000295317	30	-10.666166551907857	-10.666166551907857	0.18556664806480208	-10.666166551907857	-15.737087089766876	-15.258090748820887	-0.1082791781108546	5.231999854246776	30	4547	101277281	101281858	2	2:101281828-101281858	2:101277281-101281858
2	183001934	183001952	ENST00000361354_1	18	-	183001934	183001952	0	1	18	0	ENST00000361354	18	-15.883333206176758	-13.774444301923117	1.5788888960248895		-17.889690954285463	-17.390043670911254	0.045110559247097955	7.630000114440918	18	6096	182995838	183001952	3	2:183001934-183001952	2:182995838-183001952
20	419731	419785	ENST00000356286_1	54	+	419731	419785	0	1	54	0	ENST00000356286	54	-20.58055528004964	-20.58055528004964	0.9039999976650708	-11.548299598693848	-26.75854120253577	-24.036837977361724	-0.6843935455637662	1.2492499351501465	54	1085	419731	420870	2	20:419731-419785	20:419731-420870
20	35618475	35618493	ENST00000374273_1	18	+	35618475	35618493	0	1	18	0	ENST00000374273	18	-21.53283388664325	-11.182888613806831	3.0825555926809707		-26.84301915678006	-26.84301915678006	0.2624745774319616	-10.611600065231324	18	118	35618475	35618611	1	20:35618475-35618493	20:35618475-35618611
20	2462596	2462635	ENST00000381342_1	39	-	2462596	2462635	0	1	39	0	ENST00000381342	39	-44.50861535928188	-22.63082060447106	1.4918974203368027	-46.95496656099955	-28.454902587824215	-27.130018290999818	0.6306955875911079	-7.576900172233581	39	657	2461939	2462635	2	20:2462596-2462635	20:2461939-2462635
20	2660612	2660696	ENST00000380843_1	84	-	2660612	2660696	0	1	84	0	ENST00000380843	84	-26.53172641992569	-26.53172641992569	0.2090357090401951	-17.437599913279215	-42.225318691947244	-18.93490867181258	1.5458636331287297		84	22	2660590	2660696	3	20:2660612-2660696	20:2660590-2660696
20	3194814	3194829	ENST00000354488_1	15	-	3194814	3194829	0	1	15	0	ENST00000354488	15	-16.001599979400634	-2.0814001003901166	2.183599999547005		-21.710150017169113	-21.710150017169113	0.46767066675350133	14.916000366210938	15	2993	3191821	3194829	1	20:3194814-3194829	20:3191821-3194829
20	17951445	17951499	ENST00000377759_1	54	-	17951445	17951499	0	1	54	0	ENST00000377759	54	-27.3035003013081	-26.658388592578746	0.25911110717182356	-20.401100504398347	-25.752926755933633	-24.88701728309433	-0.4313669902708797	-7.304899972677231	54	1049	17950396	17951499	1	20:17951445-17951499	20:17950396-17951499
21	33432871	33433012	ENST00000290219_1	141	+	33432871	33433012	0	1	141	0	ENST00000290219	141	-10.408384705201174	-6.38519173040986	-0.2503923068539454	-2.819250050932169	-16.89099740547348	-14.853485798555342	-0.5063592602256144	6.229000091552734	141	3815	33432871	33436827	2	21:33432871-33433012	21:33432871-33436827
21	33559775	33559850	ENST00000356577_1	75	+	33559775	33559850	0	1	75	0	ENST00000356577	75	-24.617000025510787	-16.710893331219754	4.1943733209371565	-16.44420003592968	-0.5868846636552078	-0.5868846636552078	8.31023081449362		75	26	33559775	33559876	3	21:33559775-33559850	21:33559775-33559876
21	32759650	32759776	ENST00000331923_1	126	-	32759650	32759776	0	1	126	0	ENST00000331923	126	-9.098039707967214	-9.098039707967214	4.341174593224885	-3.4270999312400816	-16.357170581739407	-12.290464494968923	2.7345039380034137	-4.39019992351532	126	381	32759269	32759776	2	21:32759650-32759776	21:32759269-32759776
21	46219421	46219475	ENST00000397728_1	54	-	46219421	46219475	0	1	54	0	ENST00000397728	54	-22.482833323379356	-16.432254889432123	-0.140037019064443	-18.76739981919527	-14.257165881072405	-12.543295424709532	-0.6077990131354573	3.1570000648498535	54	2897	46216524	46219475	3	21:46219421-46219475	21:46216524-46219475
22	19176744	19176843	ENST00000215882_1	99	-	19176744	19176843	0	1	99	0	ENST00000215882	99	-20.834383782789562	-20.834383782789562	-0.5276767661232934	-11.654399836063385	-32.80386776294348	-26.21394005060196	0.7122830266906124	-25.758599519729614	99	53	19176693	19176845	1	22:19176744-19176843	22:19176693-19176845
22	42065632	42065737	ENST00000396398_1	105	-	42065632	42065737	0	1	105	0	ENST00000396398	105	-15.901390347026643	-15.901390347026643	0.1376571386609049	-3.6696001529693603	-17.929491337882578	-17.092605633798495	-0.29419708396432215	-2.0524000406265257	105	2608	42063024	42065737	2	22:42065632-42065737	22:42063024-42065737
3	33826580	33826679	ENST00000307296_1	99	+	33826580	33826679	0	1	99	0	ENST00000307296	99	-22.77624246929631	-22.77624246929631	1.4116161489445302	-12.685900008678436	-22.01873128729355	-21.125830899641638	1.8566405888786346	-1.5387001395225526	99	2173	33826580	33828852	3	3:33826580-33826679	3:33826580-33828852
3	52689206	52689269	ENST00000418458_1	63	+	52689206	52689269	0	1	63	0	ENST00000418458	63	-26.67771375746954	-17.165523813830482	2.9533174599683476	-12.899299955368042	-22.22196007541248	-19.357687935029457	0.09544962421662526	4.945000171661377	63	1322	52689206	52690591	3	3:52689206-52689269	3:52689206-52690591
3	101854683	101854731	ENST00000326172_1	48	+	101854683	101854731	0	1	48	0	ENST00000326172	48	-23.751312643289566	-19.584750125805538	0.8557500007251898	-8.467699766159058	-28.64809073751623	-23.125118200074542	1.253600000457443	-9.737199878692627	48	330	101854683	101855061	1	3:101854683-101854731	3:101854683-101855061
3	139352792	139352942	ENST00000680020_1	150	+	139352792	139352942	0	1	150	0	ENST00000680020	150	-25.713100131750107	-24.654279931386313	0.6523466800153256	-10.934299963712693	-23.60413440410458	-23.32527455474454	0.17693550622620688	-1.5822999477386475	150	2739	139352792	139355681	3	3:139352792-139352942	3:139352792-139355681
3	170270561	170270624	ENST00000295797_1	63	+	170270561	170270624	0	1	63	0	ENST00000295797	63	-21.71205536524455	-21.37263149964182	0.6597936484696609	-14.552142824445452	-21.71602888199248	-21.067027621099957	0.1872608695677015	-1.9725000768899918	63	2661	170270561	170273285	3	3:170270561-170270624	3:170270561-170273285
3	185606498	185606603	ENST00000296257_1	105	+	185606498	185606603	0	1	105	0	ENST00000296257	105	-10.003857165575027	-10.003857165575027	0.3319238126632713	-2.2054999470710754	-23.190331206548137	-22.644394322959812	0.35310183054381983	NaN	105	2643	185606498	185609246	3	3:185606498-185606603	3:185606498-185609246
3	3156200	3156218	ENST00000231948_1	18	-	3156200	3156218	0	1	18	0	ENST00000231948	18	-7.000944445530574	-7.000944445530574	2.388222251087427		-18.977819908588575	-18.977819908588575	-0.4480939325419311	-0.126444505320655	18	1369	3154831	3156218	3	3:3156200-3156218	3:3154831-3156218
3	11809412	11809514	ENST00000455809_1	102	-	11809412	11809514	0	1	102	0	ENST00000455809	102	-30.137225209497938	-27.693353174363864	-0.29350980069013494	-16.780699825286867	-18.81042066463268	-18.81042066463268	-0.19004234109678578	2.142333293954531	102	18833	11790581	11809516	3	3:11809412-11809514	3:11790581-11809516
3	48180669	48180720	ENST00000302506_1	51	-	48180669	48180720	0	1	51	0	ENST00000302506	51	-18.811411518238337	-18.811411518238337	1.1450195982321805	-14.741133244832357	-17.22184902006691	-17.15798422496738	-0.19150968157206744	-0.17209997475147248	51	2681	48177988	48180720	1	3:48180669-48180720	3:48177988-48180720
3	49026917	49026959	ENST00000326739_1	42	-	49026917	49026959	0	1	42	0	ENST00000326739	42	-32.818856398264565	-25.173142765249526	0.4536904796869272	-31.970899486541747	-41.83745196557814	-19.033387291815973	0.9653225833429925	-42.00393374760946	42	31	49026886	49026959	3	3:49026917-49026959	3:49026886-49026959
3	53304143	53304176	ENST00000610213_1	33	-	53304143	53304176	0	1	33	0	ENST00000610213	33	-11.457121191602765	-11.457121191602765	1.9385454776047757	-9.420833404858907	-15.68456866165832	-15.001170482866234	-0.06940933983774736	15.366999626159668	33	19380	53292827	53312240	3	3:53304143-53304176	3:53292827-53312240
3	56668297	56668396	ENST00000683822_1	99	-	56668297	56668396	0	1	99	0	ENST00000683822	99	-31.847787987102162	-29.30459578952404	1.2110606070344496	-26.103600168228148	-23.65986638970609	-22.64942950717406	0.14447819148369898	-0.20650004347165427	99	1913	56666384	56668396	2	3:56668297-56668396	3:56666384-56668396
3	93905685	93905781	ENST00000394236_1	96	-	93905685	93905781	0	1	96	0	ENST00000394236	96	-33.75497923543056	-24.821416705846786	0.22721875584466034	-25.087900161743164	-23.87796450918525	-22.903627228125472	0.15003593442145702	12.909000396728516	96	4758	93900929	93905783	1	3:93905685-93905781	3:93900929-93905783
3	134202621	134202729	ENST00000623711_1	108	-	134202621	134202729	0	1	108	0	ENST00000623711	108	-34.085194158333316	-24.34733341799842	0.5619074114839788	-26.47509984970093	-21.49784683184773	-21.49784683184773	0.22065825535423694	0.6244999567667643	108	7439	134195182	134202729	1	3:134202621-134202729	3:134195182-134202729
3	157150245	157150281	ENST00000295926_1	36	-	157150245	157150281	0	1	36	0	ENST00000295926	36	-25.78027739127477	-25.78027739127477	0.3312500114293976	-22.66796624660492	-30.20193422468085	-28.268355597006646	0.3047236807959914	-23.742499828338623	36	76	157150169	157150281	1	3:157150245-157150281	3:157150169-157150281
3	169804016	169804052	ENST00000446859_1	36	-	169804016	169804052	0	1	36	0	ENST00000446859	36	-34.11755556530423	-12.536000192165375	1.0947500030613608	-31.473000144958498	-16.65623144271843	-16.03746596926101	-0.03882406731839195	7.767500042915344	36	3262	169800754	169804052	3	3:169804016-169804052	3:169800754-169804052
4	25345620	25345701	ENST00000302874_1	81	+	25345620	25345701	0	1	81	0	ENST00000302874	81	-27.278999734807897	-23.301444467203115	0.9766049364374744	-14.33939995765686	-21.627166350781515	-20.43373311734303	0.25234421475005087	1.2114999294281006	81	3790	25345620	25349491	1	4:25345620-25345701	4:25345620-25349491
4	39465342	39465366	ENST00000640888_1	24	+	39465342	39465366	0	1	24	0	ENST00000640888	24	-18.817875031381845	-18.817875031381845	1.2345833455522854		-14.687170926033946	-14.687170926033946	0.19772462029327986	33.48039979934693	24	3888	39463605	39467517	1	4:39465342-39465366	4:39463605-39467517
4	41261923	41262040	ENST00000284440_1	117	+	41261923	41262040	0	1	117	0	ENST00000284440	117	-28.74984620931821	-27.887829288967655	0.07816240057930286	-15.643300342559815	-17.452644429635257	-16.801134018791615	-0.32875127359010764	6.0	117	1184	41261923	41263224	2	4:41261923-41262040	4:41261923-41263224
4	70827770	70827851	ENST00000254799_1	81	-	70827770	70827851	0	1	81	0	ENST00000254799	81	-26.13032075063682	-20.34823461888749	0.3145897455800038	-12.030499875545502	-15.621975557549101	-14.975584638849432	-0.32193489828890803	1.1377000331878662	81	1525	70826245	70827851	3	4:70827770-70827851	4:70826245-70827851
4	76132510	76132522	ENST00000264883_1	12	-	76132510	76132522	0	1	12	0	ENST00000264883	12	-14.251249879598618	-13.747500399748484	3.7525999754667283		-24.485405772558764	-24.485405772558764	0.3393311588347929	-8.165099811553954	12	1226	76131284	76132522	2	4:76132510-76132522	4:76131284-76132522
4	163137159	163137198	ENST00000274054_1	39	-	163137159	163137198	0	1	39	0	ENST00000274054	39	-26.56646136748485	-26.56646136748485	0.6735641053901651	-20.355399703979494	-20.131838422593194	-19.014044396773798	0.04934420642543984	4.059000015258789	39	3903	163133256	163137198	1	4:163137159-163137198	4:163133256-163137198
5	70944753	70944840	ENST00000380707_1	87	+	70944753	70944840	0	1	87	0	ENST00000380707	87	-29.591241211726746	-28.247298951806695	0.7849999987787899	-27.35669982433319	-21.290347884734285	-19.36633136680206	-0.32666805905584295	-2.747666723198361	87	1225	70944753	70946065	1	5:70944753-70944840	5:70944753-70946065
5	95755763	95755814	ENST00000379982_1	51	+	95755763	95755814	0	1	51	0	ENST00000379982	51	-26.746294174124213	-22.4164511514645	0.2504901916299965	-26.75530014038086	-23.966510962153777	-23.966510962153777	0.0022567386423741915	1.2581249102950096	51	7695	95755761	95763507	3	5:95755763-95755814	5:95755761-95763507
5	140695845	140695923	ENST00000230771_1	78	+	140695845	140695923	0	1	78	0	ENST00000230771	78	-28.5306155865009	-26.377679749941215	0.9027307738179866	-18.358899736404418	-26.86079872503627	-26.031039065280773	0.7172905090160918	-13.870199885964393	78	179	140695845	140696102	1	5:140695845-140695923	5:140695845-140696102
5	168495438	168495591	ENST00000231572_1	153	+	168495438	168495591	0	1	153	0	ENST00000231572	153	-23.912212837249676	-20.837595853399723	0.009601310187695073	-7.124999965940203	-18.409311907193267	-17.00775115787155	-0.20682946112768869	7.954999923706055	153	1638	168495436	168497227	1	5:168495438-168495591	5:168495436-168497227
5	6621984	6622014	ENST00000264670_1	30	-	6621984	6622014	0	1	30	0	ENST00000264670	30	-27.24640026092529	-15.268000064045191	-0.5848666706432899	-27.24640026092529	-18.657474201233583	-18.644713403326932	-0.6506094319559803	6.019000053405762	30	1687	6620298	6622015	1	5:6621984-6622014	5:6620298-6622015
5	150404484	150404679	ENST00000009530_1	195	-	150404484	150404679	0	1	195	0	ENST00000009530	195	-22.697393443740783	-20.922338686823363	0.08017435526917091	-6.214833577473958	-17.87286294428002	-17.87286294428002	-0.01020438438281417	0.630428603717259	195	1172	150403312	150404679	1	5:150404484-150404679	5:150403312-150404679
6	29945091	29945118	ENST00000376809_1	27	+	29945091	29945118	0	1	27	0	ENST00000376809	27	-17.783110989464653	-17.783110989464653	-5.035333342988182		-23.664783697139626	-22.11092203771278	-8.280648675345189	-4.861699938774109	27	1026	29944397	29945450	1	6:29945091-29945118	6:29944397-29945450
6	57133192	57133255	ENST00000370706_1	63	+	57133192	57133255	0	1	63	0	ENST00000370706	63	-27.70671392054785	-23.107015736519344	0.7389365004168617	-23.87989968061447	-21.460480031812665	-21.07663112515363	0.2995412974263964	1.4469999969005585	63	1488	57133192	57134743	2	6:57133192-57133255	6:57133192-57134743
6	4996154	4996220	ENST00000380051_1	66	-	4996154	4996220	0	1	66	0	ENST00000380051	66	-31.42704554037614	-21.250045563235428	0.006060613305166815	-21.069199895858766	-33.003821223529414	-33.003821223529414	0.38517141869025573	-23.44555589887831	66	70	4996085	4996221	3	6:4996154-4996220	6:4996085-4996221
6	7889437	7889494	ENST00000379757_1	57	-	7889437	7889494	0	1	57	0	ENST00000379757	57	-17.87492976246173	-17.55600027034157	-0.5084912312102684	-0.7147999599575996	-25.002778103136468	-23.721020296949686	-1.1023111105769172	-3.870800018310547	57	589	7888848	7889494	2	6:7889437-7889494	6:7888848-7889494
6	10400186	10400447	ENST00000379613_1	261	-	10400186	10400447	0	1	261	0	ENST00000379613	261	-27.832057810106942	-27.571533238654045	0.506325670517535	-4.543111152119106	-23.749145614494264	-21.495688832392126	0.507502400641334	-6.811800068616867	261	1481	10398705	10400447	3	6:10400186-10400447	6:10398705-10400447
6	32187215	32187239	ENST00000375050_1	24	-	32187215	32187239	0	1	24	0	ENST00000375050	24	-24.73924943804741	-11.120083323369423	1.3088750156263511		-22.217984161044978	-22.217984161044978	0.5442658268243864	-10.56349983215332	24	316	32186901	32187241	3	6:32187215-32187239	6:32186901-32187241
6	35886664	35886721	ENST00000373825_1	57	-	35886664	35886721	0	1	57	0	ENST00000373825	57	-20.047701856546233	-20.047701856546233	1.555105273297318	-15.36880021095276	-13.948199190392915	-13.948199190392915	-0.11962422428623175	5.375999808311462	57	12327	35874339	35886723	2	6:35886664-35886721	6:35874339-35886723
6	43055430	43055544	ENST00000388752_1	114	-	43055430	43055544	0	1	114	0	ENST00000388752	114	-30.940017267277366	-24.863798175987444	0.5044824527995252	-22.593399810791016	-22.583254620496806	-18.8419799455235	0.2391967605301797	0.22960007190704346	114	1296	43054486	43055896	1	6:43055430-43055544	6:43054486-43055896
6	43624734	43624887	ENST00000307126_1	153	-	43624734	43624887	0	1	153	0	ENST00000307126	153	-25.99117002611846	-23.377392095677994	0.8861830049959846	-17.08790020942688	-8.143399810791015	-2.1048001289367675	4.3479999780654905		153	5	43624729	43624887	1	6:43624734-43624887	6:43624729-43624887
6	166938743	166938893	ENST00000508775_1	150	-	166938743	166938893	0	1	150	0	ENST00000508775	150	-11.54317997097969	-11.54317997097969	-0.6320067538590347	-0.7886999845504761	-12.384161886296402	-12.384161886296402	-0.518078332307732	4.71999979019165	150	4608	166934136	166938894	3	6:166938743-166938893	6:166934136-166938894
7	892419	892455	ENST00000265857_1	36	+	892419	892455	0	1	36	0	ENST00000265857	36	-4.496500114599864	-4.496500114599864	-0.15850000269711018	-2.5185001611709597	-13.039160578749584	-13.039160578749584	-1.681197330777375	-1.309888932440016	36	1285	892418	893739	1	7:892419-892455	7:892418-893739
7	20381885	20381900	ENST00000222573_1	15	+	20381885	20381900	0	1	15	0	ENST00000222573	15	-18.402400398254393	-14.461266899108887	2.9365333512425424		-27.67252924406887	-26.777760750888103	0.4249678996267189	1.2625000178813934	15	9502	20381885	20391402	3	7:20381885-20381900	7:20381885-20391402
7	56058103	56058115	ENST00000275603_1	12	+	56058103	56058115	0	1	12	0	ENST00000275603	12	-18.818249762058258	-8.582916537920633	2.6009166532506547		-22.92745117334331	-22.92745117334331	-0.5833016776911623	-10.677500104904174	12	246	56058103	56058361	2	7:56058103-56058115	7:56058103-56058361
7	72938681	72938804	ENST00000434423_1	123	+	72938681	72938804	0	1	123	0	ENST00000434423	123	-26.394780550061203	-24.630764154883906	-0.08209755752477946	-16.508399850130083	-27.168265628612648	-27.168265628612648	-0.12943977174722193	-11.72789969444275	123	531	72938681	72939335	3	7:72938681-72938804	7:72938681-72939335
7	99452441	99452528	ENST00000292476_1	87	+	99452441	99452528	0	1	87	0	ENST00000292476	87	-19.20134488056446	-19.20134488056446	-0.008942522643797699	-14.198799884319305	-20.990257681571155	-20.714145501028874	1.3483198895482624	4.186699962615966	87	1438	99452440	99453965	3	7:99452441-99452528	7:99452440-99453965
7	100090949	100091006	ENST00000303904_1	57	+	100090949	100091006	0	1	57	0	ENST00000303904	57	-30.764631647812692	-10.682386136107278	0.8788421208594452	-20.721300172805787	-14.105806293026093	-14.105806293026093	0.38903225525732965	-14.365166509151459	57	31	100090949	100091037	3	7:100090949-100091006	7:100090949-100091037
7	100555735	100555825	ENST00000300176_1	90	+	100555735	100555825	0	1	90	0	ENST00000300176	90	-21.006566961606342	-20.827499939335716	0.2237333301661743	-16.42630009651184	-16.75252630095197	-16.325032253345594	-0.0982621633002366	3.615999937057495	90	6433	100555735	100562258	2	7:100555735-100555825	7:100555735-100562258
7	100870743	100870815	ENST00000200457_1	72	+	100870743	100870815	0	1	72	0	ENST00000200457	72	-16.443208346764248	-16.443208346764248	0.3961666701361537	-13.893600153923035	-17.8601066740084	-16.796652923157946	-0.48434866670117016	-2.198800066113472	72	727	100870743	100871542	1	7:100870743-100870815	7:100870743-100871542
7	128493943	128493994	ENST00000262432_1	51	+	128493943	128493994	0	1	51	0	ENST00000262432	51	-17.274941046448316	-16.865843296051025	1.3235510353721223	-11.400999775528907	-10.969956999157278	-10.969956999157278	-0.265964805540454	10.911999702453613	51	4041	128493943	128498035	2	7:128493943-128493994	7:128493943-128498035
7	135578026	135578173	ENST00000285968_1	147	+	135578026	135578173	0	1	147	0	ENST00000285968	147	-27.30451019442811	-27.30451019442811	0.2469727878338423	-19.061499786376952	-29.199977559103456	-26.622614876182173	0.2303264250756452	-12.796700143814087	147	579	135578024	135578750	2	7:135578026-135578173	7:135578024-135578750
7	65974704	65974917	ENST00000304895_1	213	-	65974704	65974917	0	1	213	0	ENST00000304895	213	-28.454981185740706	-25.61623936975506	-0.6987511668564148	-11.086699831485749	12.899999618530273	12.899999618530273	3.9760000705718994		213	1	65974704	65974918	1	7:65974704-65974917	7:65974704-65974918
7	73304707	73304746	ENST00000438747_1	39	-	73304707	73304746	0	1	39	0	ENST00000438747	39	-23.170410269345993	-19.164461993254147	0.6055789401656703	-26.50759996175766	-24.072799182257125	-24.072799182257125	-0.3065848408589671	-9.371299988031387	39	299	73304408	73304746	2	7:73304707-73304746	7:73304408-73304746
7	130192520	130192619	ENST00000397622_1	99	-	130192520	130192619	0	1	99	0	ENST00000397622	99	-35.74227303085905	-25.49763642452808	0.2104343385835451	-26.72460021972656	-16.06488713814902	-15.902939045450625	0.16113991925825621	2.190000057220459	99	7155	130185367	130192621	3	7:130192520-130192619	7:130185367-130192621
7	139626480	139626600	ENST00000406875_1	120	-	139626480	139626600	0	1	120	0	ENST00000406875	120	-27.16027495364348	-23.723925137519835	-0.43406666347388334	-15.565100228786468	-19.21452183867043	-18.493857966349665	-0.4287635374746569	0.7580000162124634	120	5917	139620563	139626600	1	7:139626480-139626600	7:139620563-139626600
7	140041619	140041643	ENST00000263549_1	24	-	140041619	140041643	0	1	24	0	ENST00000263549	24	-26.527249723672867	-26.527249723672867	1.4215833265334368		-20.371103695044155	-19.435147283888796	-0.06721283030409149	3.38549991697073	24	3763	140037856	140041643	3	7:140041619-140041643	7:140037856-140041643
7	151077511	151077619	ENST00000297532_1	108	-	151077511	151077619	0	1	108	0	ENST00000297532	108	-18.96984271608569	-18.96984271608569	-0.15807407634026646	-13.317500327527522	-28.889153149750857	-27.414639566798467	-0.13960360402979696	-19.276300191879272	108	111	151077401	151077620	2	7:151077511-151077619	7:151077401-151077620
7	154975569	154975695	ENST00000404141_1	126	-	154975569	154975695	0	1	126	0	ENST00000404141	126	-23.838777743634722	-22.662959899221146	-0.196317456500043	-17.095399975776672	-15.730808817332615	-15.730808817332615	-0.6153340084810931	3.6009998321533203	126	6443	154969126	154975695	1	7:154975569-154975695	7:154969126-154975695
8	42352568	42352592	ENST00000265421_1	24	+	42352568	42352592	0	1	24	0	ENST00000265421	24	-20.067124903202057	-10.268833378950754	1.8392916993858914		-18.785230511296756	-18.785230511296756	0.029424039652030408	2.2770000398159027	24	2923	42352568	42355515	3	8:42352568-42352592	8:42352568-42355515
8	103430689	103430746	ENST00000612750_1	57	+	103430689	103430746	0	1	57	0	ENST00000612750	57	-22.562473748859606	-22.562473748859606	0.7509999994123191	-17.37100033760071	-26.861275120222444	-25.325940645474162	0.13567129115599158	-2.746999979019165	57	1912	103430689	103432658	2	8:103430689-103430746	8:103430689-103432658
8	12185229	12185373	ENST00000448228_1	144	-	12185229	12185373	0	1	144	0	ENST00000448228	144	-16.780840198612875	-15.383895861605803	-0.5686388836378077	-9.612799978256225	-13.21588082708652	-12.742106636306465	-1.135696227014392	1.1061999201774597	144	1525	12183706	12185375	1	8:12185229-12185373	8:12183706-12185375
8	67051169	67051229	ENST00000357849_1	60	-	67051169	67051229	0	1	60	0	ENST00000357849	60	-18.665699926018714	-18.665699926018714	1.423583319162329	-10.79379985332489	-16.703758387823783	-16.703758387823783	0.23231706880578606	7.171999931335449	60	5209	67045960	67051229	3	8:67051169-67051229	8:67045960-67051229
8	67291795	67291846	ENST00000262215_1	51	-	67291795	67291846	0	1	51	0	ENST00000262215	51	-27.77154939548642	-21.138176376328747	1.3746666745191403	-22.488900430997212	-24.408103013543123	-22.55633668505557	0.32215549941337834	1.459500014781952	51	3730	67288065	67291846	2	8:67291795-67291846	8:67288065-67291846
8	70638484	70638547	ENST00000276590_1	63	-	70638484	70638547	0	1	63	0	ENST00000276590	63	-28.59553986787796	-24.676190433048067	1.3828095385050845	-23.7723335703214	-27.586886478834842	-27.586886478834842	0.5408932892946292	-13.806299877166747	63	581	70637903	70638547	2	8:70638484-70638547	8:70637903-70638547
9	33536945	33537119	ENST00000684830_1	174	+	33536945	33537119	0	1	174	0	ENST00000684830	174	-9.437775881639842	-9.437775881639842	-0.986792008202523	-0.37149991393089293	-11.441070511364224	-11.319624480202524	-1.3580087337077718	5.614999771118164	174	4027	33536945	33541146	3	9:33536945-33537119	9:33536945-33541146
9	94098579	94098672	ENST00000620992_1	93	+	94098579	94098672	0	1	93	0	ENST00000620992	93	-29.879935472242295	-27.464591195506433	0.509053756675673	-18.261700105667114	-24.28017949766957	-24.28017949766957	0.01864569625410651	-9.047800016403198	93	2893	94098579	94101565	1	9:94098579-94098672	9:94098579-94101565
9	128103839	128103962	ENST00000373069_1	123	+	128103839	128103962	0	1	123	0	ENST00000373069	123	-30.42325619245187	-27.416393261689407	-0.5436260127613881	-17.552300214767456	-17.440252662073085	-17.440252662073085	-0.36238496452965085	1.5708571800163813	123	1766	128103839	128105728	3	9:128103839-128103962	9:128103839-128105728
9	133350727	133350841	ENST00000323345_1	114	+	133350727	133350841	0	1	114	0	ENST00000323345	114	-13.659368456978546	-13.659368456978546	-1.2983947301839005	-5.339700070023537	-22.934643840789796	-22.934643840789796	0.4592000019911211	-1.758100116252899	114	160	133350727	133351001	2	9:133350727-133350841	9:133350727-133351001
9	34614020	34614041	ENST00000259632_1	21	-	34614020	34614041	0	1	21	0	ENST00000259632	21	-18.447714226586477	-5.487047536032541	4.026095259579874		-20.6768926166048	-20.6768926166048	0.987953019008078	-12.837400031089782	21	149	34613871	34614041	3	9:34614020-34614041	9:34613871-34614041
9	36356257	36356302	ENST00000259605_1	45	-	36356257	36356302	0	1	45	0	ENST00000259605	45	-14.328355135456208	-14.328355135456208	1.2770000072998098	-14.419000299771627	-21.044298468938436	-20.418418574847088	0.1138581119108615	-0.6139999553561211	45	2926	36353331	36356302	2	9:36356257-36356302	9:36353331-36356302
X	16853649	16853679	ENST00000380087_1	30	-	16853649	16853679	0	1	30	0	ENST00000380087	30	-21.93016662597656	-15.43223333756129	1.4522000099221866	-21.93016662597656	-25.266108062561656	-25.266108062561656	0.07540673131974177	-2.0245999336242675	30	776	16852875	16853681	1	X:16853649-16853679	X:16852875-16853681
X	108213946	108214111	ENST00000334504_1	165	-	108213946	108214111	0	1	165	0	ENST00000334504	165	-32.53705460266634	-30.372836257020634	0.8758727190063589	-23.824400222301485	-30.436076607178695	-30.436076607178695	0.5280635486375093	-10.374600088596344	165	2206	108211740	108214111	2	X:108213946-108214111	X:108211740-108214111
1	1520617	1520722	ENST00000378756_1	105	+	1520617	1520722	0	1	105	0	ENST00000378756	105	-15.1999714919499	-12.783047636633828	-0.39850476279499986	-10.840399992465972	-9.938806543084562	-7.640381831362894	-0.6735326735434205	-1.9639999866485596	105	2021	1520617	1522743	2	1:1520617-1520722	1:1520617-1522743
1	27817923	27817962	ENST00000373943_1	39	+	27817923	27817962	0	1	39	0	ENST00000373943	39	-17.08415390894963	-16.869768854899284	2.8451538424079237	-14.414300060272216	-14.202794973036603	-13.94569762799168	-0.29216961569317274	2.8174999952316284	39	1687	27817923	27819649	1	1:27817923-27817962	1:27817923-27819649
1	32329162	32329279	ENST00000373548_1	117	+	32329162	32329279	0	1	117	0	ENST00000373548	117	-27.402102956405052	-17.23202566178436	0.5305982962823831	-16.440800106525423	-21.736388461698706	-21.736388461698706	0.32464593700612054	-2.166899973154068	117	1300	32329160	32330577	2	1:32329162-32329279	1:32329160-32330577
1	54731700	54731799	ENST00000371281_1	99	+	54731700	54731799	0	1	99	0	ENST00000371281	99	-35.13690872264631	-32.19272749712973	0.11505050132182812	-27.44020023345947	-19.39368446199056	-19.39368446199056	-0.012496167101052173	-1.5850000381469727	99	1829	54731700	54733628	1	1:54731700-54731799	1:54731700-54733628
1	75792307	75792349	ENST00000319942_1	42	+	75792307	75792349	0	1	42	0	ENST00000319942	42	-20.447857192584447	-20.447857192584447	0.42111904198481215	-16.446899819374085	-16.291327173305756	-14.388913627302118	-0.4833059583159305	5.156000137329102	42	1735	75792306	75794083	2	1:75792307-75792349	1:75792306-75794083
1	100141019	100141046	ENST00000370141_1	27	+	100141019	100141046	0	1	27	0	ENST00000370141	27	-23.73777749803331	-23.232221903624357	1.1238147908588871		-22.688973645159372	-22.497364718631292	0.09675923241989137	6.843500137329102	27	2090	100141019	100143136	3	1:100141019-100141046	1:100141019-100143136
1	116974325	116974478	ENST00000393203_1	153	+	116974325	116974478	0	1	153	0	ENST00000393203	153	-31.448490135225594	-26.564745013230766	-0.573908493640297	-25.102199649810792	-27.048490350163725	-26.64207079569052	-0.09487924923794713	1.7090000212192535	153	10203	116974323	116984679	3	1:116974325-116974478	1:116974323-116984679
1	171794528	171794639	ENST00000361735_1	111	+	171794528	171794639	0	1	111	0	ENST00000361735	111	-30.395081088349627	-29.99685584961831	0.015657655575925165	-23.100000381469727	-20.39056112478109	-20.322656185931976	-0.38301029258516545	2.9690001010894775	111	1843	171794527	171796481	3	1:171794528-171794639	1:171794527-171796481
1	6651388	6651526	ENST00000377577_1	138	-	6651388	6651526	0	1	138	0	ENST00000377577	138	-23.064123215180807	-22.603065282754276	-0.14711594334263625	-10.028700065612792	-15.374250917134123	-15.374250917134123	-0.4622683546878389	5.710500001907349	138	5412	6645978	6651528	2	1:6651388-6651526	1:6645978-6651528
1	20654111	20654222	ENST00000602624_1	111	-	20654111	20654222	0	1	111	0	ENST00000602624	111	-18.56887377704586	-18.56887377704586	-0.7017027050223168	-11.432199907302856	-27.83582204138136	-23.726017666146028	-0.6740030385805067	-6.535799908638	111	337	20653774	20654222	3	1:20654111-20654222	1:20653774-20654222
1	63453857	63453917	ENST00000271002_1	60	-	63453857	63453917	0	1	60	0	ENST00000271002	60	-22.450933345158894	-19.720883409182232	1.0914833212892214	-19.978200054168703	-20.86121563410101	-20.453512974582225	1.4477315982994872	2.341499960422516	60	7001	63446856	63453917	3	1:63453857-63453917	1:63446856-63453917
1	68483910	68483949	ENST00000456315_1	39	-	68483910	68483949	0	1	39	0	ENST00000456315	39	-33.45946157895602	-20.45715355873108	2.760384590197832	-32.88690004348755	-22.876682799079703	-17.56619325460618	1.93090556919349	-2.598999869823456	39	2298	68481612	68483949	1	1:68483910-68483949	1:68481612-68483949
1	111194483	111194576	ENST00000357640_1	93	-	111194483	111194576	0	1	93	0	ENST00000357640	93	-28.594687942535646	-27.143322924131986	-0.1867419393602959	-15.367899858951569	-26.004951623123013	-26.004951623123013	0.3363513001158023	-2.13430016040802	93	2167	111192317	111194577	3	1:111194483-111194576	1:111192317-111194577
1	185143272	185143356	ENST00000367506_1	84	-	185143272	185143356	0	1	84	0	ENST00000367506	84	-23.41146424625601	-23.179916835966566	0.9375952411043856	-16.93940018415451	-19.49897749565293	-18.27816022746891	0.17201405619916832	1.6349999904632568	84	3050	185140222	185143356	1	1:185143272-185143356	1:185140222-185143356
1	193028054	193028084	ENST00000367454_1	30	-	193028054	193028084	0	1	30	0	ENST00000367454	30	-39.9638996442159	-15.246500337123871	1.1190333125453131	-39.9638996442159	-16.54490210588438	-16.124566700444518	-0.040963858364050997	2.9179999828338623	30	4108	193023946	193028084	3	1:193028054-193028084	1:193023946-193028084
1	244422744	244422834	ENST00000366535_1	90	-	244422744	244422834	0	1	90	0	ENST00000366535	90	-25.035833609104156	-25.035833609104156	1.1142333424184472	-14.866100001335145	-23.843236474267226	-22.364275586288027	0.11532012204332454	3.558000087738037	90	2448	244420296	244422834	1	1:244422744-244422834	1:244420296-244422834
10	14851323	14851473	ENST00000378372_1	150	+	14851323	14851473	0	1	150	0	ENST00000378372	150	-33.197219744324684	-30.320046746134757	0.5549200062275244	-14.617799904942512	-28.29383647451876	-28.29383647451876	0.26962411420622917	-15.117799973487854	150	896	14851323	14852369	1	10:14851323-14851473	10:14851323-14852369
10	74525426	74525513	ENST00000539909_1	87	+	74525426	74525513	0	1	87	0	ENST00000539909	87	-28.18521405969347	-21.10098853912847	0.525252870947722	-25.545444673962063	-19.088361727182832	-18.866116580819675	0.43395326391129413	7.783999919891357	87	63768	74525426	74589281	3	10:74525426-74525513	10:74525426-74589281
10	90894891	90895005	ENST00000371703_1	114	+	90894891	90895005	0	1	114	0	ENST00000371703	114	-33.062684237957	-29.575947305612395	0.5864298237740928	-14.47640014886856	-26.35492639403258	-26.35492639403258	0.8426473175121438	-9.604299986362458	114	448	90894891	90895453	1	10:90894891-90895005	10:90894891-90895453
10	92915913	92915973	ENST00000260762_1	60	+	92915913	92915973	0	1	60	0	ENST00000260762	60	-20.023700100183486	-20.023700100183486	0.6626000029119579	-7.894700062274933	-17.692364096670605	-17.626567279347608	0.12241679490283616	0.19550001621246338	60	4008	92915913	92919981	1	10:92915913-92915973	10:92915913-92919981
10	123162828	123162903	ENST00000368865_1	75	+	123162828	123162903	0	1	75	0	ENST00000368865	75	-11.014920020103455	-5.751893284320832	5.671946651190519	-4.976999962329865	-17.621974312134064	-15.351972931124203	3.4618824139256743	2.78559992313385	75	2143	123162828	123165046	1	10:123162828-123162903	10:123162828-123165046
10	4995252	4995318	ENST00000380753_1	66	-	4995252	4995318	0	1	66	0	ENST00000380753	66	-14.12930301193035	-14.12930301193035	-5.6010151381293936	-4.805099749565125	-13.688024661320728	-13.463559776351474	-3.139580121524499	-2.0969998836517334	66	3339	4991913	4995318	1	10:4995252-4995318	10:4991913-4995318
10	26765190	26765217	ENST00000376140_1	27	-	26765190	26765217	0	1	27	0	ENST00000376140	27	-31.532073126898872	-29.060333887736004	0.5870000204002416		-22.4283323941607	-22.4283323941607	0.5310455278379889	-0.3938333988189697	27	1230	26763960	26765217	1	10:26765190-26765217	10:26763960-26765217
10	47504041	47504188	ENST00000452145_1	147	-	47504041	47504188	0	1	147	0	ENST00000452145	147	-19.299040811402456	-15.67937421474327	0.22708163588374322	-13.190899634361267	-19.34773316582044	-12.649780324527196	-0.7158293154489914	NaN	147	498	47503543	47504188	2	10:47504041-47504188	10:47503543-47504188
10	47755917	47756040	ENST00000615923_1	123	-	47755917	47756040	0	1	123	0	ENST00000615923	123	-13.450111218242563	-13.450111218242563	-0.4448617929630587	-3.8291249573230743	-17.843376082650522	-16.5106428567983	-0.1964319361998067	1.526500016450882	123	1605	47754314	47756042	1	10:47755917-47756040	10:47754314-47756042
10	99718249	99718345	ENST00000016171_1	96	-	99718249	99718345	0	1	96	0	ENST00000016171	96	-19.225031185895205	-19.225031185895205	0.3068541626077301	-11.193000328540801	-24.639985583032473	-23.945715532277166	-0.13567919163668002	0.8141999423503876	96	1788	99716461	99718345	2	10:99718249-99718345	10:99716461-99718345
10	100250148	100250247	ENST00000354105_1	99	-	100250148	100250247	0	1	99	0	ENST00000354105	99	-27.36155554742524	-27.36155554742524	1.0507676779960442	-21.827000188827515	-20.138171921112356	-19.019356566318553	0.7546080863350753	16.365999221801758	99	3213	100246935	100250247	1	10:100250148-100250247	10:100246935-100250247
10	133364585	133364657	ENST00000368547_1	72	-	133364585	133364657	0	1	72	0	ENST00000368547	72	-32.42429145342774	-21.288749893506367	-0.4479027861703394	-21.668999803066253	-14.640533628947885	-14.640533628947885	-0.631820101962677	8.319999694824219	72	1652	133362933	133364657	3	10:133364585-133364657	10:133362933-133364657
11	34079765	34079798	ENST00000341394_1	33	+	34079765	34079798	0	1	33	0	ENST00000341394	33	-21.16754539446397	-21.16754539446397	1.256999987657323	-22.94879993200302	-14.859533684772515	-14.283918388542155	-0.3099031185959719	1.156999945640564	33	3026	34079765	34082824	3	11:34079765-34079798	11:34079765-34082824
11	43326611	43326680	ENST00000531273_1	69	+	43326611	43326680	0	1	69	0	ENST00000531273	69	-29.03395616489908	-20.44807250517002	1.2501304261453883	-22.424099612236024	-25.49145149917076	-25.49145149917076	0.3373203980885631	-11.074000000953674	69	1108	43326611	43327788	3	11:43326611-43326680	11:43326611-43327788
11	47173277	47173424	ENST00000524782_1	147	-	47173277	47173424	0	1	147	0	ENST00000524782	147	-23.469421544042575	-23.469421544042575	0.4442244917471089	-13.838699746131898	-25.125703234377728	-22.95149463001759	0.8625619029049717	-2.2261998414993287	147	945	47172333	47173425	3	11:47173277-47173424	11:47172333-47173425
11	66367331	66367463	ENST00000357440_1	132	-	66367331	66367463	0	1	132	0	ENST00000357440	132	-24.489022729974806	-20.170431864532556	0.10825000010399063	-14.302600002288818	-15.09036649426712	-15.09036649426712	0.05765651096665109	9.418499945104122	132	1100	66366231	66367463	3	11:66367331-66367463	11:66366231-66367463
11	74285640	74285808	ENST00000331597_1	168	-	74285640	74285808	0	1	168	0	ENST00000331597	168	-22.80612519170557	-22.7371844305169	0.5586249944941041	-15.466000068187714	-20.587261093212348	-20.587261093212348	-0.019806519256708517	2.664400005340576	168	6188	74279452	74285808	1	11:74285640-74285808	11:74279452-74285808
12	861343	861376	ENST00000315939_1	33	+	861343	861376	0	1	33	0	ENST00000315939	33	-34.42927316102114	-34.42927316102114	1.6412121147961554	-38.30360049009323	-27.966059486137667	-27.966059486137667	0.6486600581406505	-15.384499955177308	33	706	861343	862082	2	12:861343-861376	12:861343-862082
12	2493386	2493527	ENST00000399655_1	141	+	2493386	2493527	0	1	141	0	ENST00000399655	141	-29.281821970144907	-27.47695022694608	-0.3169290673133012	-22.68350045681	-24.27670914096401	-23.555158362887745	0.1231743949406191	10.86069997549057	141	11314	2493386	2504841	3	12:2493386-2493527	12:2493386-2504841
12	4553147	4553171	ENST00000352618_1	24	+	4553147	4553171	0	1	24	0	ENST00000352618	24	-11.17099978774786	-11.17099978774786	1.327624979855803		-19.981135182357992	-19.981135182357992	-0.01507109228686962	-6.324099802970887	24	3181	4553147	4556352	3	12:4553147-4553171	12:4553147-4556352
12	57232844	57232970	ENST00000328923_1	126	+	57232844	57232970	0	1	126	0	ENST00000328923	126	-23.692404644829885	-16.40091268126927	0.06042857438562408	-14.809199857711793	-28.243061962705994	-28.243061962705994	-0.10429047365240486	-14.90889994688332	126	210	57232843	57233179	3	12:57232844-57232970	12:57232843-57233179
12	57716193	57716265	ENST00000315970_1	72	+	57716193	57716265	0	1	72	0	ENST00000315970	72	-24.56170831123988	-24.56170831123988	-0.08579166893226405	-15.163700008392334	-27.236286782926612	-25.71810709248696	-0.05575342459623281	-10.126600095629692	72	146	57716193	57716411	1	12:57716193-57716265	12:57716193-57716411
12	10703995	10704049	ENST00000228251_1	54	-	10703995	10704049	0	1	54	0	ENST00000228251	54	-27.412333555795527	-18.957166857189602	-0.8711296430168053	-15.225100129842758	-23.71752024985738	-22.527749545793785	-0.33193352077763516	-1.0923332903120253	54	1862	10702134	10704050	2	12:10703995-10704049	12:10702134-10704050
12	52286947	52287100	ENST00000327741_1	153	-	52286947	52287100	0	1	153	0	ENST00000327741	153	-24.3584181568981	-24.3584181568981	-1.1407254928710804	-12.304200148582458	-31.21623041891744	-30.00261890320551	-0.5749126917327798	-22.088799786567687	153	126	52286822	52287101	2	12:52286947-52287100	12:52286822-52287101
12	55794334	55794358	ENST00000336133_1	24	-	55794334	55794358	0	1	24	0	ENST00000336133	24	-23.75554158290227	-23.75554158290227	2.416833311202936		-17.188810909596874	-17.188810909596874	-0.001225001767180283	4.517000198364258	24	3742	55790592	55794358	2	12:55794334-55794358	12:55790592-55794358
12	68321295	68321346	ENST00000682720_1	51	-	68321295	68321346	0	1	51	0	ENST00000682720	51	-27.12352965859806	-21.336078550301345	0.5886666675408682	-18.39970006942749	-24.39439192789912	-24.388667991720027	0.4983341988754666	-2.7319001823663713	51	5042	68316253	68321346	1	12:68321295-68321346	12:68316253-68321346
13	36971961	36971976	ENST00000239891_1	15	-	36971961	36971976	0	1	15	0	ENST00000239891	15	-20.03179972966512	-12.885199356079102	2.005999988814195		-19.766300384003607	-19.766300384003607	-0.035866918403869706	7.861000061035156	15	6235	36965726	36971976	1	13:36971961-36971976	13:36965726-36971976
13	113190781	113190871	ENST00000337344_1	90	-	113190781	113190871	0	1	90	0	ENST00000337344	90	-12.581615320765055	-7.757716102364623	-0.40011111300231683	-7.509999993443489	-11.635497394881012	-10.679382178518356	-0.3016967474208234	2.7709999084472656	90	5221	113185560	113190871	2	13:113190781-113190871	13:113185560-113190871
14	74891169	74891226	ENST00000334220_1	57	+	74891169	74891226	0	1	57	0	ENST00000334220	57	-12.869631635515313	-11.318070202804448	2.3034736768979776	-4.514600121974945	-20.66481329438364	-20.415163345999424	0.1927108273627889	3.4719998836517334	57	1609	74891167	74892833	1	14:74891169-74891226	14:74891167-74892833
14	22973947	22974046	ENST00000262713_1	99	-	22973947	22974046	0	1	99	0	ENST00000262713	99	-30.679676583319	-30.679676583319	0.045858594226754375	-22.605600237846375	-21.889287267078426	-21.889287267078426	0.7602637318128612	-8.438999891281128	99	379	22973568	22974046	2	14:22973947-22974046	14:22973568-22974046
14	91475705	91475810	ENST00000554943_1	105	-	91475705	91475810	0	1	105	0	ENST00000554943	105	-22.967371388844082	-11.109438090097337	2.9025523755167213	-6.781499981880188	-19.76566247743772	-19.76566247743772	0.30440891250230095	-1.386400079727173	105	2374	91473370	91475849	3	14:91475705-91475810	14:91473370-91475849
14	92014167	92014212	ENST00000267622_1	45	-	92014167	92014212	0	1	45	0	ENST00000267622	45	-24.81942189534505	-24.73706653383043	1.319733337064584	-22.128666623433432	-22.566632248930368	-21.86230084181783	0.006414480403477325	7.733500003814697	45	2374	92011795	92014214	1	14:92014167-92014212	14:92011795-92014214
14	102083771	102083792	ENST00000216281_1	21	-	102083771	102083792	0	1	21	0	ENST00000216281	21	-0.9403337438901266	-0.9403337438901266	0.5965714117600804		-28.760457950333755	-26.17368052734269	-0.5739871798895109	-14.148500144481659	21	78	102083693	102083792	3	14:102083771-102083792	14:102083693-102083792
15	40185379	40185433	ENST00000287598_1	54	+	40185379	40185433	0	1	54	0	ENST00000287598	54	-27.883889105584885	-27.883889105584885	0.7812592464486241	-26.881200158596037	-32.0942307802347	-27.70929916292174	0.7397008528534927	-25.21610028743744	54	117	40185379	40185550	2	15:40185379-40185433	15:40185379-40185550
15	40413087	40413177	ENST00000487418_1	90	+	40413087	40413177	0	1	90	0	ENST00000487418	90	-18.37250006198883	-18.37250006198883	0.5213222255257682	-7.696699953079223	-22.4812826211651	-21.075742521893652	-0.15012439691504084	1.7235000729560852	90	1711	40413087	40414888	1	15:40413087-40413177	15:40413087-40414888
15	65564342	65564357	ENST00000261875_1	15	+	65564342	65564357	0	1	15	0	ENST00000261875	15	-18.529800033569337	-16.269999821980793	1.7876666511098545		-12.548982247602767	-12.264370901375626	-0.02984826255491989	22.99799919128418	15	5733	65564342	65570090	3	15:65564342-65564357	15:65564342-65570090
15	67184864	67184921	ENST00000327367_1	57	+	67184864	67184921	0	1	57	0	ENST00000327367	57	-30.401473766879032	-24.336543597673113	-0.8671579032895368	-22.27510017156601	-23.864543192035995	-23.726413020544665	-0.4291919766444651	-7.75049968957901	57	2443	67184864	67187364	3	15:67184864-67184921	15:67184864-67187364
15	68153695	68153746	ENST00000249636_1	51	+	68153695	68153746	0	1	51	0	ENST00000249636	51	-18.858764439382973	-18.228372551062527	3.3348823674753603	-15.611899640411139	-21.932436957273808	-21.69649017050453	0.1656647112868506	3.4839999675750732	51	10984	68153695	68164730	2	15:68153695-68153746	15:68153695-68164730
15	101285710	101285725	ENST00000254193_1	15	-	101285710	101285725	0	1	15	0	ENST00000254193	15	-24.70393311182658	-14.545133662223815	0.518999982625246		-29.511901313234645	-27.288829804838354	-0.1458276937925257	-13.280900013446807	15	650	101285060	101285725	2	15:101285710-101285725	15:101285060-101285725
16	2233183	2233273	ENST00000301727_1	90	+	2233183	2233273	0	1	90	0	ENST00000301727	90	-26.62226661046346	-20.924755628489784	-0.06350000417894787	-10.590499925613404	-24.844335459172726	-24.844335459172726	-0.49623780617513125	-11.42739999294281	90	164	2233183	2233437	2	16:2233183-2233273	16:2233183-2233437
16	15008847	15008871	ENST00000396410_1	24	+	15008847	15008871	0	1	24	0	ENST00000396410	24	-16.287624843418598	-16.287624843418598	2.477208354199926		-26.993931687379224	-26.234168134397766	0.3987206429141206	-12.706499767303466	24	809	15008847	15009680	1	16:15008847-15008871	16:15008847-15009680
16	23688745	23688826	ENST00000300093_1	81	+	23688745	23688826	0	1	81	0	ENST00000300093	81	-20.244037091732025	-20.244037091732025	0.32220987039675686	-11.156499844789504	-11.28733332700327	-9.068296608993899	-0.0889197042698512	0.4997142936502184	81	411	23688745	23689237	2	16:23688745-23688826	16:23688745-23689237
16	56942237	56942459	ENST00000439977_1	222	+	56942237	56942459	0	1	222	0	ENST00000439977	222	-31.379553912257826	-24.446058715517456	-0.0829504468406945	-17.974399852752686	-17.524818634328454	-17.524818634328454	-0.32244631783155425	-2.687100034952164	222	666	56942237	56943125	3	16:56942237-56942459	16:56942237-56943125
16	89693328	89693373	ENST00000353379_1	45	+	89693328	89693373	0	1	45	0	ENST00000353379	45	-21.054214562688554	-7.328547464949744	0.19222222701128985	-10.443222178353203	-30.72623044023147	-29.628500168140118	0.9640768930101051		45	26	89693326	89693397	1	16:89693328-89693373	16:89693326-89693397
16	4822782	4822872	ENST00000321919_1	90	-	4822782	4822872	0	1	90	0	ENST00000321919	90	-19.06699991607004	-19.06699991607004	0.030744445872389607	-12.495933218300342	-20.804114004765356	-17.342137816308863	-0.3245815724989207	3.5490000247955322	90	1187	4821597	4822874	1	16:4822782-4822872	16:4821597-4822874
16	46603929	46603974	ENST00000303383_1	45	-	46603929	46603974	0	1	45	0	ENST00000303383	45	-24.45342239141464	-23.817666816711426	0.31371111017134456	-21.43000002503395	-25.784485325424207	-25.12591860537176	-0.23020370364775536	-6.967000000178814	45	270	46603659	46603974	1	16:46603929-46603974	16:46603659-46603974
16	70509206	70509230	ENST00000323786_1	24	-	70509206	70509230	0	1	24	0	ENST00000323786	24	-36.34108336766561	-13.793250143527985	1.0885416722546022		-27.021572840171604	-24.633882792269926	0.41890586444890154	-11.885599851608276	24	742	70508464	70509230	3	16:70509206-70509230	16:70508464-70509230
16	75634109	75634172	ENST00000302445_1	63	-	75634109	75634172	0	1	63	0	ENST00000302445	63	-24.60531751314799	-24.60531751314799	0.8579999877746025	-19.382700395584106	-15.192452855525309	-14.500664908620461	-0.057571816117136465	7.451000213623047	63	2254	75631855	75634172	3	16:75634109-75634172	16:75631855-75634172
16	87837736	87837844	ENST00000261622_1	108	-	87837736	87837844	0	1	108	0	ENST00000261622	108	-10.98049996880924	-10.98049996880924	-0.8643796350462017	-5.202000088161892	-12.935812835659645	-11.962284249046611	-1.3358007317034337	-1.8629999562270112	108	1089	87836647	87837844	2	16:87837736-87837844	16:87836647-87837844
17	30855327	30855372	ENST00000321990_1	45	+	30855327	30855372	0	1	45	0	ENST00000321990	45	-17.343066851298016	-17.343066851298016	1.0464000010035104	-11.003499984741211	-17.56367305906651	-17.245014621154994	-0.16388242762840757	5.660999774932861	45	1582	30855327	30856954	1	17:30855327-30855372	17:30855327-30856954
17	35824200	35824257	ENST00000605844_1	57	+	35824200	35824257	0	1	57	0	ENST00000605844	57	-33.542157449220355	-29.628069646068308	0.6737017465179393	-30.64699959754944	-21.63074546064135	-21.374904601503268	0.7345274618431913	13.673999786376953	57	10310	35824198	35834565	1	17:35824200-35824257	17:35824198-35834565
17	59931722	59931758	ENST00000225577_1	36	+	59931722	59931758	0	1	36	0	ENST00000225577	36	-11.9136670033137	-11.9136670033137	4.989111082421409	-12.481100463867188	-22.704515128105083	-21.286224191298135	0.4294280950458493	-0.8719999960490635	36	2411	59931722	59934169	3	17:59931722-59931758	17:59931722-59934169
17	77488865	77489045	ENST00000427177_1	180	+	77488865	77489045	0	1	180	0	ENST00000427177	180	-15.781866480906805	-12.44449712630719	-0.9792166692204773	1.0471001088619232	-14.675799827700338	-13.756459263474039	-0.8543018645164412	-0.46089995503425596	180	1697	77488864	77490741	3	17:77488865-77489045	17:77488864-77490741
17	3824896	3824941	ENST00000389005_1	45	-	3824896	3824941	0	1	45	0	ENST00000389005	45	-24.568311256832548	-24.568311256832548	1.3293777751839824	-21.57030005455017	-19.05224837442247	-18.68455648961367	0.11125079115072735	4.5	45	2844	3822052	3824941	2	17:3824896-3824941	17:3822052-3824941
17	38777638	38777686	ENST00000619039_1	48	-	38777638	38777686	0	1	48	0	ENST00000619039	48	-26.864604207066197	-26.086583336194355	0.48433334378448006	-22.681899805366992	-14.014320261188436	-13.840319934612738	-0.2547371207060734	12.04800033569336	48	6366	38771272	38777686	2	17:38777638-38777686	17:38771272-38777686
17	64503098	64503185	ENST00000225792_1	87	-	64503098	64503185	0	1	87	0	ENST00000225792	87	-29.902827620506287	-29.902827620506287	-0.20371264585390172	-15.664899790287018	-3.0190000534057617	25.077999114990234	9.448000192642212		87	2	64503098	64503187	3	17:64503098-64503185	17:64503098-64503187
19	16129604	16129679	ENST00000300935_1	75	+	16129604	16129679	0	1	75	0	ENST00000300935	75	-26.52439991950989	-26.047720088164013	-0.1570135190189388	-23.700299739837646	-18.179921859798498	-18.179921859798498	-1.2239766885267154	12.951000213623047	75	2532	16129604	16132211	3	19:16129604-16129679	19:16129604-16132211
19	17339600	17339687	ENST00000324894_1	87	+	17339600	17339687	0	1	87	0	ENST00000324894	87	-32.6156550501955	-27.853276096541308	-0.36154022719711065	-24.626099652051927	-14.063949415539954	-11.591970758635826	-0.6686506991076654	0.025999943415323894	87	1357	17339599	17341043	3	19:17339600-17339687	19:17339599-17341043
19	34495771	34495924	ENST00000590071_1	153	+	34495771	34495924	0	1	153	0	ENST00000590071	153	-19.686950090527535	-19.686950090527535	-0.5458888840356392	1.168999969959259	-12.592368949277496	-12.592368949277496	-0.5218486918478497	NaN	153	4204	34495771	34500128	2	19:34495771-34495924	19:34495771-34500128
19	35011554	35011761	ENST00000317991_1	207	+	35011554	35011761	0	1	207	0	ENST00000317991	207	-25.2650724252065	-24.2147148385428	-0.4767950015887618	-12.61499993801117	-17.650125228490737	-17.650125228490737	-0.5163741553732678	-2.552555533746878	207	1494	35011554	35013255	1	19:35011554-35011761	19:35011554-35013255
19	35723502	35723544	ENST00000420124_1	42	+	35723502	35723544	0	1	42	0	ENST00000420124	42	-34.12278582368578	-24.956761842682248	0.25635714704791707	-34.98680007457733	-28.42986625879206	-23.573695215869716	0.7526951878416267	-5.3631001770496365	42	187	35723502	35723731	1	19:35723502-35723544	19:35723502-35723731
19	38709476	38709617	ENST00000252699_1	141	+	38709476	38709617	0	1	141	0	ENST00000252699	141	-22.754723669366633	-22.754723669366633	-0.18994326606155076	-13.029700136184692	-22.597145590460993	-22.119567859954046	0.7970954634656209	1.870874971151352	141	639	38709476	38710256	3	19:38709476-38709617	19:38709476-38710256
19	49830218	49830290	ENST00000312865_1	72	+	49830218	49830290	0	1	72	0	ENST00000312865	72	-29.213833381732304	-27.810875041617287	-0.8570555609185249	-25.57869973182678	-28.61770914677869	-26.853513665023176	-0.6452304000747117	-8.95299997627735	72	220	49830218	49830510	3	19:49830218-49830290	19:49830218-49830510
19	55663744	55663861	ENST00000308924_1	117	+	55663744	55663861	0	1	117	0	ENST00000308924	117	-20.70166673644995	-19.171376124788555	-0.2361880430442273	-12.7701997756958	-15.269813703103436	-13.49734249216383	-0.634688174588498	3.259999990463257	117	4645	55663744	55668506	2	19:55663744-55663861	19:55663744-55668506
19	7729936	7730017	ENST00000328853_1	81	-	7729936	7730017	0	1	81	0	ENST00000328853	81	-38.66104937041247	-29.831296337975395	-1.807604920188034	-26.237100648880006	-1.3990000486373901	6.745999813079834	7.072000026702881		81	1	7729936	7730018	2	19:7729936-7730017	19:7729936-7730018
19	12661070	12661259	ENST00000456935_1	189	-	12661070	12661259	0	1	189	0	ENST00000456935	189	-18.993934525818123	-18.993934525818123	-0.18364550361025428	-8.93550020456314	-11.893886026791261	-11.027583273112416	-0.505079139553983	2.142250046133995	189	2563	12658507	12661259	3	19:12661070-12661259	19:12658507-12661259
19	43625012	43625075	ENST00000222374_1	63	-	43625012	43625075	0	1	63	0	ENST00000222374	63	-27.667618391059694	-20.264381045386905	-0.4991746057408847	-6.814699864387512	-18.374379316995178	-18.374379316995178	-0.11935555614056248	-0.9527999788522721	63	772	43624242	43625077	3	19:43625012-43625075	19:43624242-43625077
2	9876019	9876040	ENST00000263663_1	21	+	9876019	9876040	0	1	21	0	ENST00000263663	21	-16.388571943555558	-16.388571943555558	0.4321428705006838		-21.414094814030076	-20.311169684373322	-0.12212284883085643	9.087500102818012	21	6666	9876018	9882705	2	2:9876019-9876040	2:9876018-9882705
2	27036786	27036924	ENST00000238788_1	138	+	27036786	27036924	0	1	138	0	ENST00000238788	138	-18.44058692973593	-18.44058692973593	1.38362318070764	-10.196299934387207	-30.977453968830797	-27.373467286558526	0.467184398508241	-11.935600069165229	138	152	27036786	27037076	1	2:27036786-27036924	2:27036786-27037076
2	36479694	36479856	ENST00000280527_1	162	+	36479694	36479856	0	1	162	0	ENST00000280527	162	-19.504537211524116	-19.504537211524116	0.6545493778151771	-3.9635000348091127	-25.161920577144663	-25.161920577144663	0.535605838043895	5.265600204467773	162	19362	36479694	36499218	1	2:36479694-36479856	2:36479694-36499218
2	73247926	73248034	ENST00000258091_1	108	+	73247926	73248034	0	1	108	0	ENST00000258091	108	-30.240485896383014	-29.567518475430983	0.07241668327952977	-23.050100135803223	-22.532386963841503	-22.532386963841503	-0.1462464639167455	-2.094111003809505	108	956	73247926	73248990	2	2:73247926-73248034	2:73247926-73248990
2	86963224	86963281	ENST00000641458_1	57	+	86963224	86963281	0	1	57	0	ENST00000641458	57	-30.605578824093467	-26.950386151932832	0.8607368409315026	-28.279999756813048	-16.39286655489709	-15.791895343230292	-0.18036579831527091	6.927999973297119	57	5946	86963224	86969227	2	2:86963224-86963281	2:86963224-86969227
2	105089995	105090007	ENST00000258455_1	12	+	105089995	105090007	0	1	12	0	ENST00000258455	12	-6.759750127792358	-6.759750127792358	8.060583313306173		-22.522540655427072	-22.522540655427072	1.7191163307541442	-1.2130999475717545	12	2393	105089995	105092400	2	2:105089995-105090007	2:105089995-105092400
2	108740681	108740762	ENST00000283195_1	81	+	108740681	108740762	0	1	81	0	ENST00000283195	81	-31.220926222977816	-31.220926222977816	0.5828024767983107	-26.230200695991517	-16.1261019013187	-16.1261019013187	-0.21590701165861556	7.4019999504089355	81	5948	108740681	108746710	3	2:108740681-108740762	2:108740681-108746710
2	202290457	202290481	ENST00000264279_1	24	+	202290457	202290481	0	1	24	0	ENST00000264279	24	-12.845125257968903	-12.845125257968903	2.343250023511549		-20.992259096336703	-20.8216059954027	-0.09197170049799225	-8.07330001592636	24	643	202290457	202291124	2	2:202290457-202290481	2:202290457-202291124
2	97658163	97658223	ENST00000289228_1	60	-	97658163	97658223	0	1	60	0	ENST00000289228	60	-37.66106709440549	-15.382966601848603	-0.6408166679243247	-30.70640072822571	-26.7790432235469	-19.89002141226893	0.5947608782722533	-22.644199824333192	60	46	97658117	97658223	1	2:97658163-97658223	2:97658117-97658223
2	106447363	106447417	ENST00000409886_1	54	-	106447363	106447417	0	1	54	0	ENST00000409886	54	-20.598129770270102	-20.598129770270102	1.0398888807329867	-15.599600191911062	-15.777915975067645	-15.621692437011118	-0.11355046560845687	10.53499984741211	54	5983	106441380	106447417	2	2:106447363-106447417	2:106441380-106447417
2	110557794	110557851	ENST00000329516_1	57	-	110557794	110557851	0	1	57	0	ENST00000329516	57	-30.026666632869787	-24.82154417456242	0.9586666624241492	-26.00509991645813	-16.33983879572165	-16.14569641612661	-0.1022927327610931	6.692000031471252	57	5983	110551811	110557851	1	2:110557794-110557851	2:110551811-110557851
2	135932737	135932782	ENST00000264161_1	45	-	135932737	135932782	0	1	45	0	ENST00000264161	45	-34.934689140319826	-22.755266857147216	1.9578888815310267	-26.16870002746582	-13.329982307050559	-13.329982307050559	0.2238743693547681	0.11357147353036064	45	8239	135924498	135932782	2	2:135932737-135932782	2:135924498-135932782
20	32429431	32429455	ENST00000375687_1	24	+	32429431	32429455	0	1	24	0	ENST00000375687	24	-40.17625021934509	-26.235000515977543	1.34504169318825		-23.812701084104816	-20.75092811611261	1.2665865194533816	-8.631899988651275	24	445	32429431	32429900	2	20:32429431-32429455	20:32429431-32429900
20	35548865	35548883	ENST00000348547_1	18	+	35548865	35548883	0	1	18	0	ENST00000348547	18	-25.318167169888813	-0.9029999888605542	1.9224999650484986		-15.278762822134633	-14.248661036617639	-0.05721768766235908	7.294000148773193	18	6160	35548865	35555043	3	20:35548865-35548883	20:35548865-35555043
20	45802057	45802267	ENST00000372622_1	210	+	45802057	45802267	0	1	210	0	ENST00000372622	210	-23.6605713294819	-22.604942665145728	0.3630857057581168	-8.199800121784211	-20.295869635206994	-18.887947864992924	-0.06447162087170563	-3.369299966096878	210	1065	45802057	45803332	2	20:45802057-45802267	20:45802057-45803332
20	17950269	17950290	ENST00000377759_1	21	-	17950269	17950290	0	1	21	0	ENST00000377759	21	-29.557713976928166	-21.223952452341717	1.2077619465334075		-37.481193673226144	-21.609968054679133	0.7354193504509186	-33.35020022392273	21	62	17950207	17950290	1	20:17950269-17950290	20:17950207-17950290
20	35680682	35680736	ENST00000374092_1	54	-	35680682	35680736	0	1	54	0	ENST00000374092	54	-27.856962844177527	-26.357018496151323	1.1396666793842558	-27.754533358414967	-14.4161073134619	-14.4161073134619	-0.4253578144937905	5.622000217437744	54	5480	35675202	35680736	3	20:35680682-35680736	20:35675202-35680736
21	14498390	14498441	ENST00000400566_1	51	-	14498390	14498441	0	1	51	0	ENST00000400566	51	-33.09758830771727	-30.938255197861615	0.9286274445407531	-30.12849998474121	-26.993125627678715	-26.993125627678715	0.4441344192152171	6.085999965667725	51	12276	14486114	14498441	3	21:14498390-14498441	21:14486114-14498441
21	41743779	41743881	ENST00000332512_1	102	-	41743779	41743881	0	1	102	0	ENST00000332512	102	-30.246254790063	-22.92841181802728	-0.8084019677640468	-19.022200107574463	-20.819433538420945	-20.41287554145858	-1.1245547467642028	-3.96150004863739	102	1782	41741997	41743881	1	21:41743779-41743881	21:41741997-41743881
22	37061177	37061465	ENST00000403888_1	288	+	37061177	37061465	0	1	288	0	ENST00000403888	288	-2.7548332791775465	-2.7548332791775465	2.6907499977743203	18.886900293827058	-8.150734777267022	-7.269978641282495	3.1420853548319783	5.130000162124634	288	328	37060922	37061538	3	22:37061177-37061465	22:37060922-37061538
22	44136518	44136566	ENST00000338758_1	48	+	44136518	44136566	0	1	48	0	ENST00000338758	48	-15.815812468528748	-10.058937462667624	0.425916657045794	-12.46029977798462	-17.27946769721126	-17.011097930273106	-0.8760492528738353	-0.5600000619888306	48	3557	44136518	44140123	3	22:44136518-44136566	22:44136518-44140123
22	46352330	46352483	ENST00000645190_1	153	+	46352330	46352483	0	1	153	0	ENST00000645190	153	-22.573379902839662	-19.318562232785755	-0.6379477128970856	-11.309400129318238	-20.85311232064109	-18.51136925841627	-1.0614185499302122	0.8187142780848912	153	1283	46352330	46353766	3	22:46352330-46352483	22:46352330-46353766
3	14133809	14133983	ENST00000306077_1	174	+	14133809	14133983	0	1	174	0	ENST00000306077	174	-20.409827492874243	-17.246241518692383	-0.47829884698015007	-8.906700158119202	-21.141651309655543	-20.033016550594006	-0.7146933828427222	-4.017200008034706	174	786	14133809	14134769	3	3:14133809-14133983	3:14133809-14134769
3	47336758	47336797	ENST00000232766_1	39	+	47336758	47336797	0	1	39	0	ENST00000232766	39	-18.37138473070585	-18.37138473070585	0.4986666673555588	-12.559400033950805	-21.24216674774905	-20.348370102146642	-0.21886992229541183	5.626900005340576	39	3775	47336757	47340571	2	3:47336758-47336797	3:47336757-47340571
3	38010072	38010129	ENST00000334661_1	57	-	38010072	38010129	0	1	57	0	ENST00000334661	57	-32.774421323809705	-21.069491509805644	-0.5013859533427054	-29.981167229016624	-23.825849908590317	-18.875950255990027	2.1893499912228434		57	20	38010053	38010130	1	3:38010072-38010129	3:38010053-38010130
3	49026653	49026686	ENST00000326739_1	33	-	49026653	49026686	0	1	33	0	ENST00000326739	33	-26.69642419526071	-24.944363767450508	0.06412121055252624	-25.228266716003418	-29.634431969035756	-29.634431969035756	0.8965227303349159	-28.49250030517578	33	44	49026609	49026686	3	3:49026653-49026686	3:49026609-49026686
3	53291975	53292068	ENST00000610213_1	93	-	53291975	53292068	0	1	93	0	ENST00000610213	93	-24.50059103196667	-21.455462512790515	-0.2157419317011391	-10.968499803543091	-19.717471908803503	-19.657110579189705	0.03553351136500813	-0.8165999293327332	93	1119	53290856	53292068	3	3:53291975-53292068	3:53290856-53292068
3	113010623	113010641	ENST00000314400_1	18	-	113010623	113010641	0	1	18	0	ENST00000314400	18	-28.641722467210556	-28.641722467210556	2.7094444375899105		-26.186345530574396	-24.732715659984397	0.34425022860012067	-7.197600004076958	18	2194	113008430	113010642	3	3:113010623-113010641	3:113008430-113010642
3	126459611	126459650	ENST00000389709_1	39	-	126459611	126459650	0	1	39	0	ENST00000389709	39	-16.434897071275955	-9.310384677006649	0.7520256476142467	-17.342133033275605	-16.37296986292553	-16.055426860249003	-0.31848136597916543	7.966500163078308	39	17667	126441946	126459652	3	3:126459611-126459650	3:126441946-126459652
3	127694842	127694974	ENST00000265052_1	132	-	127694842	127694974	0	1	132	0	ENST00000265052	132	-18.76445449143648	-15.65381810633522	-0.7958409002996191	-8.876500225067138	-11.967670526040402	-11.967670526040402	-0.6823551840601947	0.6227499097585678	132	2519	127692323	127694974	2	3:127694842-127694974	3:127692323-127694974
3	184243504	184243552	ENST00000397676_1	48	-	184243504	184243552	0	1	48	0	ENST00000397676	48	-19.34156267158687	-14.610562643036246	2.7426250078327334	-15.779700446128846	-26.750229900798004	-25.935471507442106	0.35147339591816273	-11.18420019596815	48	548	184242957	184243553	2	3:184243504-184243552	3:184242957-184243553
3	185687008	185687056	ENST00000382199_1	48	-	185687008	185687056	0	1	48	0	ENST00000382199	48	-26.468437545001507	-21.64910386999448	0.7134375135259082	-26.075599944591524	-12.773225318540868	-12.773225318540868	-0.06143033218256608	18.875999450683594	48	11095	185675913	185687056	2	3:185687008-185687056	3:185675913-185687056
3	187251399	187251633	ENST00000296280_1	234	-	187251399	187251633	0	1	234	0	ENST00000296280	234	-32.546894971094176	-27.679808194710784	0.07042734990588939	-16.462700021266937	-24.890572806186864	-24.890572806186864	-0.20611326283532297	-1.9053333600362141	234	1070	187250329	187251633	1	3:187251399-187251633	3:187250329-187251633
3	197016835	197017102	ENST00000296350_1	267	-	197016835	197017102	0	1	267	0	ENST00000296350	267	-22.87640706986882	-20.8740776333698	-0.5415243497257878	-12.126400232315063	-25.450184561056385	-24.75468037084001	-0.5865493580312249	-6.87330002784729	267	466	197016369	197017102	2	3:197016835-197017102	3:197016369-197017102
4	1336995	1337166	ENST00000303400_1	171	+	1336995	1337166	0	1	171	0	ENST00000303400	171	-19.570227914473467	-14.865912279277516	-0.5841834332749865	-10.341899919509888	-14.224182059497878	-13.357976355558463	-1.179900965027604	1.72433336575826	171	1256	1336994	1338421	1	4:1336995-1337166	4:1336994-1338421
4	2646832	2646919	ENST00000637812_1	87	+	2646832	2646919	0	1	87	0	ENST00000637812	87	-11.262758785280688	-10.478701192500262	-0.3374230833724141	-5.635800039768219	-10.370635626823116	-10.27457054269043	-0.30021775770113207	5.841499859467149	87	10883	2646832	2657802	2	4:2646832-2646919	4:2646832-2657802
4	41263291	41263348	ENST00000284440_1	57	+	41263291	41263348	0	1	57	0	ENST00000284440	57	-31.92615775058144	-23.881245855699504	0.13335087209155685	-22.963899898529053	-28.935973386164907	-28.262962924388166	-0.24751857049230225	-13.22909996509552	57	754	41263291	41264102	2	4:41263291-41263348	4:41263291-41264102
4	112265067	112265106	ENST00000274000_1	39	+	112265067	112265106	0	1	39	0	ENST00000274000	39	-30.760461614682125	-18.677333422196217	0.477205135116282	-28.127199876308442	-29.87055023256511	-29.87055023256511	0.16575177213452022	-16.07560005187988	39	627	112265067	112265733	1	4:112265067-112265106	4:112265067-112265733
4	127890236	127890257	ENST00000270861_1	21	+	127890236	127890257	0	1	21	0	ENST00000270861	21	-15.114857469286237	-15.114857469286237	2.5327619347898733		-25.732651137485565	-25.48649461714553	0.4823645097410141	-7.801300024986267	21	834	127890236	127891091	3	4:127890236-127890257	4:127890236-127891091
4	1694701	1694773	ENST00000489418_1	72	-	1694701	1694773	0	1	72	0	ENST00000489418	72	-14.574041530489922	-14.574041530489922	-0.3485833355759193	-12.029500007629395	-10.683822373157756	-10.683822373157756	-0.6653704438842823	1.343999981880188	72	988	1693713	1694773	2	4:1694701-1694773	4:1693713-1694773
4	52601754	52601856	ENST00000441222_1	102	-	52601754	52601856	0	1	102	0	ENST00000441222	102	-32.038147035767054	-28.103107708341934	-0.6761666673838216	-24.628100180625914	-20.17334052106925	-20.17334052106925	-0.5037247372062887	-3.8773999392986296	102	3048	52598706	52601856	1	4:52601754-52601856	4:52598706-52601856
4	70826072	70826123	ENST00000254799_1	51	-	70826072	70826123	0	1	51	0	ENST00000254799	51	-26.29133335398693	-16.69782318788416	1.3549215865102322	-20.85916661421458	-19.030880687867892	-18.877481192975523	-0.22767031280291122	1.3929998874664307	51	641	70825431	70826123	3	4:70826072-70826123	4:70825431-70826123
4	76131199	76131229	ENST00000264883_1	30	-	76131199	76131229	0	1	30	0	ENST00000264883	30	-14.378999996185303	-14.378999996185303	1.646466667453448	-14.378999996185303	-24.565547851667013	-24.565547851667013	0.609822222173421	-5.398249983787537	30	450	76130749	76131229	2	4:76131199-76131229	4:76130749-76131229
4	120816297	120816450	ENST00000264808_1	153	-	120816297	120816450	0	1	153	0	ENST00000264808	153	-21.943202464530867	-21.943202464530867	0.10131372633128384	-12.757899487018586	-28.606123580842894	-27.596460210391758	-0.02472226762913705	3.1029999256134033	153	4850	120811449	120816452	1	4:120816297-120816450	4:120811449-120816452
4	139517776	139517884	ENST00000274031_1	108	-	139517776	139517884	0	1	108	0	ENST00000274031	108	-29.856527874867123	-26.398379635479714	-0.812481485706047	-26.011899995803834	-18.05829886607246	-18.05829886607246	-0.28078120242847976	13.13599967956543	108	5933	139511843	139517884	2	4:139517776-139517884	4:139511843-139517884
5	61526396	61526498	ENST00000252744_1	102	+	61526396	61526498	0	1	102	0	ENST00000252744	102	-26.021500433192532	-22.922853198705933	1.5998529389765406	-13.904599952697755	-24.567994664493103	-24.567994664493103	0.27916411345957665	0.8166667620340983	102	3553	61526396	61530051	3	5:61526396-61526498	5:61526396-61530051
5	70070751	70070802	ENST00000380743_1	51	+	70070751	70070802	0	1	51	0	ENST00000380743	51	-23.647764907163733	-22.08366679210289	0.6517450919411346	-19.740099954605103	-10.865062920970892	-10.865062920970892	-0.6099732539820513	4.603000164031982	51	5718	70070751	70076520	1	5:70070751-70070802	5:70070751-70076520
5	72872720	72872783	ENST00000337273_1	63	+	72872720	72872783	0	1	63	0	ENST00000337273	63	-19.31284985104576	-19.31284985104576	0.6511525496272212	-9.505000034968058	-21.755401711594157	-21.191291040007506	0.06237482221402027	-3.124899959564209	63	2831	72872720	72875614	3	5:72872720-72872783	5:72872720-72875614
5	179833782	179833875	ENST00000389805_1	93	+	179833782	179833875	0	1	93	0	ENST00000389805	93	-18.18677410387224	-18.18677410387224	0.0664249951718375	-11.885499775409698	-17.89650485206668	-16.504669524647177	-0.388636766953532	-1.6770000457763672	93	2560	179833782	179836435	1	5:179833782-179833875	5:179833782-179836435
5	156921954	156922098	ENST00000274532_1	144	-	156921954	156922098	0	1	144	0	ENST00000274532	144	-29.566979081680376	-29.566979081680376	-0.2886041597375879	-14.43939995765686	-24.214288819697604	-23.207074480107472	-0.411246887219646	-1.0133999347686768	144	1451	156920503	156922098	1	5:156921954-156922098	5:156920503-156922098
5	179887952	179888102	ENST00000355235_1	150	-	179887952	179888102	0	1	150	0	ENST00000355235	150	-30.431573440705737	-21.250420031547545	-0.5918287726642232	-13.420599836483598	-12.558301672582019	-12.06919476422207	-0.3803233397765378	5.7492999792098995	150	8163	179879789	179888102	3	5:179887952-179888102	5:179879789-179888102
6	29945283	29945373	ENST00000376809_1	90	+	29945283	29945373	0	1	90	0	ENST00000376809	90	-18.915600050116577	-18.915600050116577	-6.33159999826716	-13.148999967053532	-23.9437259246836	-22.274535836924645	-8.372480126143707	-4.861699938774109	90	963	29944397	29945450	1	6:29945283-29945373	6:29944397-29945450
6	42068607	42068724	ENST00000372977_1	117	+	42068607	42068724	0	1	117	0	ENST00000372977	117	-23.811641081785545	-23.37455563667493	-0.05345299221081739	-18.43629970550537	-17.055346486512285	-16.94240899672168	-0.33215564505897555	10.428999900817871	117	8375	42068607	42077099	1	6:42068607-42068724	6:42068607-42077099
6	157647368	157647557	ENST00000359775_1	189	+	157647368	157647557	0	1	189	0	ENST00000359775	189	-27.534857217281584	-25.40102120303603	-1.2374497359808259	-2.6840000450611115	-16.237006418438856	-15.891359010034622	-0.5827027795987758	0.5839999914169312	189	5967	157647368	157653524	3	6:157647368-157647557	6:157647368-157653524
6	158605347	158605449	ENST00000684151_1	102	+	158605347	158605449	0	1	102	0	ENST00000684151	102	-29.924911840873605	-29.924911840873605	-0.809607840809679	-21.666699808835983	-21.61272499133502	-21.61272499133502	-0.7624786994013452	-1.9108888043297663	102	1794	158605347	158607243	1	6:158605347-158605449	6:158605347-158607243
6	163566795	163566882	ENST00000361752_1	87	+	163566795	163566882	0	1	87	0	ENST00000361752	87	-10.68506888865397	-10.68506888865397	3.8048390904548524	-6.925899949669838	-17.964115967764634	-17.215759186168054	3.127853323333674	4.611199998855591	87	3811	163566795	163570693	1	6:163566795-163566882	6:163566795-163570693
6	52507333	52507552	ENST00000182527_1	219	-	52507333	52507552	0	1	219	0	ENST00000182527	219	-29.759821929207675	-28.968602736110558	-0.24049771769763265	-15.4018000125885	-27.88520965623726	-26.90841038731025	-0.7550350869274421	-6.347499763965606	219	1197	52506136	52507552	2	6:52507333-52507552	6:52506136-52507552
6	99550950	99550992	ENST00000520429_1	42	-	99550950	99550992	0	1	42	0	ENST00000520429	42	-28.555523503394355	-13.405214332398915	2.338261928586733	-27.67649970849355	-20.95721845356704	-18.79174413840038	3.113266773398402	-1.2908000215888022	42	641	99550309	99550992	1	6:99550950-99550992	6:99550309-99550992
6	166933970	166934090	ENST00000508775_1	120	-	166933970	166934090	0	1	120	0	ENST00000508775	120	-16.093750095367433	-16.093750095367433	-0.7801833355799317	-8.515599942207336	-12.995428884531258	-12.995428884531258	-0.8177218703855089	0.975666676958402	120	2852	166931118	166934090	3	6:166933970-166934090	6:166931118-166934090
7	40047877	40047913	ENST00000181839_1	36	+	40047877	40047913	0	1	36	0	ENST00000181839	36	-40.845250924428306	-21.503166496753693	2.236583316879761	-44.65820126533508	-21.043482575901695	-20.305667614911393	0.10609103480119267	3.8420000076293945	36	14912	40047877	40062825	2	7:40047877-40047913	7:40047877-40062825
7	67025022	67025070	ENST00000359626_1	48	+	67025022	67025070	0	1	48	0	ENST00000359626	48	-18.312562584877014	-10.415583491325378	0.23945831204764545	-15.822900009155273	-13.028397125731678	-13.028397125731678	-0.11735204158529494	9.968000411987305	48	24878	67025022	67049948	1	7:67025022-67025070	7:67025022-67049948
7	73692646	73692799	ENST00000265758_1	153	+	73692646	73692799	0	1	153	0	ENST00000265758	153	-30.68423518596911	-29.98066032361361	0.044901965356437985	-12.134399873018264	-27.85548289581255	-27.208841143348494	-0.3694801491736707	-11.989333338207668	153	529	73692646	73693328	2	7:73692646-73692799	7:73692646-73693328
7	98171674	98171749	ENST00000297293_1	75	+	98171674	98171749	0	1	75	0	ENST00000297293	75	-37.34360023498535	-21.608826479911805	-0.8489726049162142	-23.45900011062622	-17.104556857169708	-16.141137702666168	-0.14985219762480567	4.573999881744385	75	13301	98171674	98185050	2	7:98171674-98171749	7:98171674-98185050
7	99454136	99454217	ENST00000292476_1	81	+	99454136	99454217	0	1	81	0	ENST00000292476	81	-27.16225933145594	-19.973629624019434	0.5441975260360373	-14.518500137329102	-20.799628426891992	-20.799628426891992	-0.07918696250933471	-0.23570002615451813	81	2214	99454136	99456431	3	7:99454136-99454217	7:99454136-99456431
7	130499915	130499942	ENST00000223215_1	27	+	130499915	130499942	0	1	27	0	ENST00000223215	27	-18.830444441901314	-18.830444441901314	1.6734814715606194		-25.968358418500493	-25.968358418500493	0.3234061896319121	-13.402600026130676	27	519	130499915	130500461	3	7:130499915-130499942	7:130499915-130500461
7	6819651	6819765	ENST00000316731_1	114	-	6819651	6819765	0	1	114	0	ENST00000316731	114	-21.12848250489486	-17.60123672140272	-0.015008776015683747	-14.896899962425232	-13.571278312101205	-13.551106332869157	-0.41079121967882753	3.489000082015991	114	4806	6814845	6819765	1	7:6819651-6819765	7:6814845-6819765
7	23505697	23505745	ENST00000297071_1	48	-	23505697	23505745	0	1	48	0	ENST00000297071	48	-22.80685430765152	-22.80685430765152	1.104520841113602	-18.82180013656616	-32.18582361686129	-27.44676477618578	0.44033593765925616	-19.69555558098687	48	128	23505569	23505745	2	7:23505697-23505745	7:23505569-23505745
7	26195810	26195846	ENST00000618183_1	36	-	26195810	26195846	0	1	36	0	ENST00000618183	36	-20.775182102214206	-20.775182102214206	1.077583338399159	-17.899778029984898	-23.872585918467397	-23.872585918467397	-0.33074810891610257	-3.325399971008301	36	2116	26193694	26195846	3	7:26195810-26195846	7:26193694-26195846
7	105160473	105160506	ENST00000393651_1	33	-	105160473	105160506	0	1	33	0	ENST00000393651	33	-33.42081847335353	-28.867727062918924	0.02533333208411932	-33.55453357696533	-19.83951132799342	-19.035461912618175	-0.06118302021232797	8.382999897003174	33	13815	105146658	105160506	1	7:105160473-105160506	7:105146658-105160506
7	128335747	128335846	ENST00000223073_1	99	-	128335747	128335846	0	1	99	0	ENST00000223073	99	-26.93407051491015	-17.87367671728134	0.24731313435341976	-19.89483307202657	-33.70254431752598	-25.997985334135592	0.36633824040044977	-28.23550021648407	99	68	128335679	128335846	2	7:128335747-128335846	7:128335679-128335846
7	149008095	149008158	ENST00000652332_1	63	-	149008095	149008158	0	1	63	0	ENST00000652332	63	-27.370237716606685	-20.475523857843307	-0.6724603182030102	-24.155699932575224	-14.735599030114285	-14.104000007866027	-0.9493253968233596	-0.8238000094890594	63	2039	149006056	149008158	1	7:149008095-149008158	7:149006056-149008158
8	47953598	47953619	ENST00000314191_1	21	-	47953598	47953619	0	1	21	0	ENST00000314191	21	-26.858571359089442	-25.165571854228066	1.4372857117227145		-13.649467466042953	-13.113408118465253	-0.24090435712163158	4.60699987411499	21	9569	47944029	47953619	3	8:47953598-47953619	8:47944029-47953619
8	67045793	67045811	ENST00000357849_1	18	-	67045793	67045811	0	1	18	0	ENST00000357849	18	-9.827333410580954	-9.827333410580954	1.2202221891946263		-20.165816662145037	-19.40762572718033	0.1491966038723842	6.087666829427083	18	2476	67043317	67045811	3	8:67045793-67045811	8:67043317-67045811
8	100712325	100712361	ENST00000318607_1	36	-	100712325	100712361	0	1	36	0	ENST00000318607	36	-29.602833367056316	-29.602833367056316	0.2523888920226859	-29.67256684700648	-21.45135789454208	-20.383411568521193	-0.20586064986195873	-1.8515000343322754	36	2594	100709731	100712361	1	8:100712325-100712361	8:100709731-100712361
9	70282583	70282658	ENST00000361138_1	75	+	70282583	70282658	0	1	75	0	ENST00000361138	75	-38.081880283355716	-25.44313313484192	0.7969999978194634	-31.677200174331666	-15.57164798637605	-15.311731922367306	0.2012829286625902	5.2230000495910645	75	3541	70282583	70286199	3	9:70282583-70282658	9:70282583-70286199
9	94446936	94446999	ENST00000375344_1	63	+	94446936	94446999	0	1	63	0	ENST00000375344	63	-22.0003333460717	-22.0003333460717	1.014145165321327	-18.190599876642228	-16.91462422440544	-16.27512261534995	-0.07501810560863445	1.0199999809265137	63	4456	94446936	94451455	1	9:94446936-94446999	9:94446936-94451455
9	97647561	97647612	ENST00000375147_1	51	+	97647561	97647612	0	1	51	0	ENST00000375147	51	-27.34694087855956	-21.793431347491694	0.8029803836754724	-24.356699800491334	-26.285260816522037	-26.285260816522037	0.5144708889430459	-12.217199778556823	51	395	97647561	97648007	1	9:97647561-97647612	9:97647561-97648007
9	134429240	134429438	ENST00000481739_1	198	+	134429240	134429438	0	1	198	0	ENST00000481739	198	-11.801590945740992	-11.801590945740992	-1.295375635270691	-4.049799752235413	-14.913515047889707	-14.692135128485727	-1.0549918039528687	3.746000051498413	198	2466	134429240	134431904	3	9:134429240-134429438	9:134429240-134431904
9	136338711	136338825	ENST00000440944_1	114	+	136338711	136338825	0	1	114	0	ENST00000440944	114	-19.877499903503217	-19.877499903503217	-0.9786576614861989	-3.0122000217437743	-18.28274189941075	-18.28274189941075	-0.9773230241040325	-2.5161000192165375	114	882	136338710	136339706	1	9:136338711-136338825	9:136338710-136339706
9	39175804	39175948	ENST00000297668_1	144	-	39175804	39175948	0	1	144	0	ENST00000297668	144	-16.373795794139447	-13.900972096653252	-1.6564305497514498	-10.941892760140556	-13.305047495079707	-13.305047495079707	-0.25233245497508167	0.050999999046325684	144	4174	39171630	39175948	2	9:39175804-39175948	9:39171630-39175948
9	124356565	124356763	ENST00000259457_1	198	-	124356565	124356763	0	1	198	0	ENST00000259457	198	-26.593141285457996	-26.593141285457996	0.1868838393805558	-12.97139981687069	-24.535616466201105	-23.49051630311303	-0.34571122766835943	-5.988375257700682	198	2856	124353709	124356763	2	9:124356565-124356763	9:124353709-124356763
9	136219007	136219028	ENST00000358701_1	21	-	136219007	136219028	0	1	21	0	ENST00000358701	21	-39.9017140524728	-17.647047556581953	0.19352379867008754		-22.568167670275354	-22.568167670275354	-1.581589996458497	-2.9973331259356604	21	200	136218808	136219029	3	9:136219007-136219028	9:136218808-136219029
X	41343351	41343489	ENST00000644876_1	138	+	41343351	41343489	0	1	138	0	ENST00000644876	138	-25.819717437028885	-22.410963660618965	0.07301449771899648	-15.862999987602233	-23.48344947017639	-21.876060648003087	-0.03259109464655008	-10.887899994850159	138	247	41343351	41343736	1	X:41343351-41343489	X:41343351-41343736
X	48923763	48923850	ENST00000376488_1	87	-	48923763	48923850	0	1	87	0	ENST00000376488	87	-24.246717906915226	-16.257461520341728	1.3148505645536486	-13.54904740197318	-18.227823734283447	-10.519588400335874	3.585588212837191		87	17	48923746	48923850	1	X:48923763-48923850	X:48923746-48923850
